5000
0 5000
-8 4999
0 4998
10 4997
0 4996
-6 4995
0 4994
1 4993
0 4992
9 4991
0 4990
-7 4989
0 4988
-1 4987
0 4986
-7 4985
0 4984
-9 4983
0 4982
-4 4981
0 4980
-7 4979
0 4978
1 4977
0 4976
9 4975
0 4974
2 4973
0 4972
1 4971
0 4970
2 4969
0 4968
-6 4967
0 4966
-5 4965
0 4964
5 4963
0 4962
-3 4961
0 4960
5 4959
0 4958
4 4957
0 4956
5 4955
0 4954
-2 4953
0 4952
-5 4951
0 4950
0 4949
0 4948
2 4947
0 4946
6 4945
0 4944
4 4943
0 4942
-1 4941
0 4940
-7 4939
0 4938
-2 4937
0 4936
-8 4935
0 4934
7 4933
0 4932
7 4931
0 4930
5 4929
0 4928
-3 4927
0 4926
7 4925
0 4924
10 4923
0 4922
-3 4921
0 4920
-6 4919
0 4918
-9 4917
0 4916
7 4915
0 4914
-1 4913
0 4912
0 4911
0 4910
-10 4909
0 4908
-2 4907
0 4906
-5 4905
0 4904
-5 4903
0 4902
6 4901
0 4900
3 4899
0 4898
7 4897
0 4896
4 4895
0 4894
-2 4893
0 4892
-3 4891
0 4890
3 4889
0 4888
-5 4887
0 4886
6 4885
0 4884
-4 4883
0 4882
-1 4881
0 4880
5 4879
0 4878
-6 4877
0 4876
-1 4875
0 4874
-8 4873
0 4872
-5 4871
0 4870
-4 4869
0 4868
-4 4867
0 4866
-2 4865
0 4864
3 4863
0 4862
6 4861
0 4860
0 4859
0 4858
6 4857
0 4856
-10 4855
0 4854
-5 4853
0 4852
-7 4851
0 4850
-7 4849
0 4848
2 4847
0 4846
4 4845
0 4844
1 4843
0 4842
-7 4841
0 4840
5 4839
0 4838
-3 4837
0 4836
3 4835
0 4834
4 4833
0 4832
-5 4831
0 4830
6 4829
0 4828
3 4827
0 4826
-1 4825
0 4824
3 4823
0 4822
10 4821
0 4820
-5 4819
0 4818
-6 4817
0 4816
-9 4815
0 4814
-2 4813
0 4812
2 4811
0 4810
8 4809
0 4808
8 4807
0 4806
-3 4805
0 4804
-10 4803
0 4802
8 4801
0 4800
3 4799
0 4798
-5 4797
0 4796
7 4795
0 4794
-8 4793
0 4792
10 4791
0 4790
1 4789
0 4788
9 4787
0 4786
6 4785
0 4784
-1 4783
0 4782
3 4781
0 4780
4 4779
0 4778
-4 4777
0 4776
6 4775
0 4774
7 4773
0 4772
-3 4771
0 4770
-10 4769
0 4768
2 4767
0 4766
0 4765
0 4764
-1 4763
0 4762
3 4761
0 4760
-5 4759
0 4758
1 4757
0 4756
4 4755
0 4754
2 4753
0 4752
4 4751
0 4750
6 4749
0 4748
6 4747
0 4746
8 4745
0 4744
9 4743
0 4742
-5 4741
0 4740
7 4739
0 4738
2 4737
0 4736
5 4735
0 4734
-1 4733
0 4732
-7 4731
0 4730
-2 4729
0 4728
3 4727
0 4726
-3 4725
0 4724
8 4723
0 4722
-7 4721
0 4720
-1 4719
0 4718
0 4717
0 4716
6 4715
0 4714
-1 4713
0 4712
6 4711
0 4710
-5 4709
0 4708
6 4707
0 4706
2 4705
0 4704
0 4703
0 4702
-7 4701
0 4700
-2 4699
0 4698
7 4697
0 4696
-7 4695
0 4694
-2 4693
0 4692
8 4691
0 4690
-1 4689
0 4688
7 4687
0 4686
-8 4685
0 4684
-3 4683
0 4682
1 4681
0 4680
8 4679
0 4678
4 4677
0 4676
-7 4675
0 4674
9 4673
0 4672
-7 4671
0 4670
6 4669
0 4668
3 4667
0 4666
2 4665
0 4664
3 4663
0 4662
-2 4661
0 4660
4 4659
0 4658
4 4657
0 4656
10 4655
0 4654
4 4653
0 4652
-8 4651
0 4650
-3 4649
0 4648
-5 4647
0 4646
-3 4645
0 4644
-1 4643
0 4642
8 4641
0 4640
-10 4639
0 4638
3 4637
0 4636
4 4635
0 4634
10 4633
0 4632
-3 4631
0 4630
8 4629
0 4628
8 4627
0 4626
0 4625
0 4624
-10 4623
0 4622
3 4621
0 4620
-9 4619
0 4618
5 4617
0 4616
8 4615
0 4614
6 4613
0 4612
-9 4611
0 4610
8 4609
0 4608
-4 4607
0 4606
9 4605
0 4604
-2 4603
0 4602
-7 4601
0 4600
7 4599
0 4598
8 4597
0 4596
-1 4595
0 4594
3 4593
0 4592
-2 4591
0 4590
1 4589
0 4588
5 4587
0 4586
6 4585
0 4584
0 4583
0 4582
3 4581
0 4580
9 4579
0 4578
7 4577
0 4576
8 4575
0 4574
-2 4573
0 4572
0 4571
0 4570
4 4569
0 4568
-5 4567
0 4566
-1 4565
0 4564
4 4563
0 4562
-7 4561
0 4560
3 4559
0 4558
-3 4557
0 4556
0 4555
0 4554
4 4553
0 4552
3 4551
0 4550
-3 4549
0 4548
2 4547
0 4546
-3 4545
0 4544
-5 4543
0 4542
-2 4541
0 4540
-2 4539
0 4538
0 4537
0 4536
-10 4535
0 4534
5 4533
0 4532
4 4531
0 4530
8 4529
0 4528
8 4527
0 4526
-6 4525
0 4524
4 4523
0 4522
-10 4521
0 4520
-3 4519
0 4518
-4 4517
0 4516
4 4515
0 4514
8 4513
0 4512
2 4511
0 4510
-5 4509
0 4508
10 4507
0 4506
-6 4505
0 4504
-5 4503
0 4502
-1 4501
0 4500
-5 4499
0 4498
10 4497
0 4496
7 4495
0 4494
-8 4493
0 4492
-2 4491
0 4490
-4 4489
0 4488
2 4487
0 4486
0 4485
0 4484
-2 4483
0 4482
8 4481
0 4480
0 4479
0 4478
5 4477
0 4476
-1 4475
0 4474
-3 4473
0 4472
-7 4471
0 4470
-7 4469
0 4468
0 4467
0 4466
-6 4465
0 4464
-4 4463
0 4462
-10 4461
0 4460
5 4459
0 4458
-5 4457
0 4456
-10 4455
0 4454
-9 4453
0 4452
3 4451
0 4450
5 4449
0 4448
8 4447
0 4446
-4 4445
0 4444
1 4443
0 4442
-1 4441
0 4440
-10 4439
0 4438
5 4437
0 4436
1 4435
0 4434
0 4433
0 4432
-5 4431
0 4430
6 4429
0 4428
1 4427
0 4426
0 4425
0 4424
6 4423
0 4422
5 4421
0 4420
5 4419
0 4418
8 4417
0 4416
-5 4415
0 4414
-6 4413
0 4412
1 4411
0 4410
-10 4409
0 4408
1 4407
0 4406
7 4405
0 4404
9 4403
0 4402
0 4401
0 4400
2 4399
0 4398
4 4397
0 4396
8 4395
0 4394
10 4393
0 4392
-3 4391
0 4390
0 4389
0 4388
-1 4387
0 4386
-8 4385
0 4384
-9 4383
0 4382
0 4381
0 4380
9 4379
0 4378
-9 4377
0 4376
-10 4375
0 4374
-3 4373
0 4372
-1 4371
0 4370
-7 4369
0 4368
7 4367
0 4366
9 4365
0 4364
-3 4363
0 4362
-10 4361
0 4360
-7 4359
0 4358
8 4357
0 4356
9 4355
0 4354
3 4353
0 4352
-1 4351
0 4350
-1 4349
0 4348
4 4347
0 4346
4 4345
0 4344
-5 4343
0 4342
3 4341
0 4340
-8 4339
0 4338
-4 4337
0 4336
-10 4335
0 4334
6 4333
0 4332
4 4331
0 4330
-4 4329
0 4328
9 4327
0 4326
4 4325
0 4324
3 4323
0 4322
0 4321
0 4320
3 4319
0 4318
8 4317
0 4316
10 4315
0 4314
-7 4313
0 4312
9 4311
0 4310
8 4309
0 4308
-8 4307
0 4306
-8 4305
0 4304
-1 4303
0 4302
8 4301
0 4300
8 4299
0 4298
1 4297
0 4296
-7 4295
0 4294
6 4293
0 4292
0 4291
0 4290
-4 4289
0 4288
10 4287
0 4286
9 4285
0 4284
-1 4283
0 4282
-6 4281
0 4280
-6 4279
0 4278
-10 4277
0 4276
3 4275
0 4274
4 4273
0 4272
3 4271
0 4270
2 4269
0 4268
0 4267
0 4266
-7 4265
0 4264
8 4263
0 4262
6 4261
0 4260
-1 4259
0 4258
-7 4257
0 4256
6 4255
0 4254
5 4253
0 4252
-6 4251
0 4250
1 4249
0 4248
-2 4247
0 4246
10 4245
0 4244
6 4243
0 4242
-6 4241
0 4240
-4 4239
0 4238
10 4237
0 4236
-8 4235
0 4234
6 4233
0 4232
-8 4231
0 4230
2 4229
0 4228
5 4227
0 4226
2 4225
0 4224
-5 4223
0 4222
-8 4221
0 4220
-7 4219
0 4218
2 4217
0 4216
2 4215
0 4214
-9 4213
0 4212
3 4211
0 4210
-10 4209
0 4208
0 4207
0 4206
4 4205
0 4204
-7 4203
0 4202
7 4201
0 4200
-2 4199
0 4198
5 4197
0 4196
-1 4195
0 4194
6 4193
0 4192
4 4191
0 4190
-5 4189
0 4188
4 4187
0 4186
-6 4185
0 4184
0 4183
0 4182
-6 4181
0 4180
8 4179
0 4178
-8 4177
0 4176
3 4175
0 4174
-10 4173
0 4172
-9 4171
0 4170
-6 4169
0 4168
-3 4167
0 4166
0 4165
0 4164
-2 4163
0 4162
4 4161
0 4160
-4 4159
0 4158
-9 4157
0 4156
2 4155
0 4154
7 4153
0 4152
-4 4151
0 4150
4 4149
0 4148
9 4147
0 4146
8 4145
0 4144
5 4143
0 4142
5 4141
0 4140
5 4139
0 4138
-6 4137
0 4136
-2 4135
0 4134
-2 4133
0 4132
6 4131
0 4130
-10 4129
0 4128
9 4127
0 4126
2 4125
0 4124
-2 4123
0 4122
9 4121
0 4120
10 4119
0 4118
10 4117
0 4116
2 4115
0 4114
-4 4113
0 4112
1 4111
0 4110
9 4109
0 4108
-4 4107
0 4106
4 4105
0 4104
-7 4103
0 4102
-7 4101
0 4100
2 4099
0 4098
10 4097
0 4096
3 4095
0 4094
-10 4093
0 4092
-1 4091
0 4090
10 4089
0 4088
1 4087
0 4086
-4 4085
0 4084
7 4083
0 4082
9 4081
0 4080
0 4079
0 4078
-5 4077
0 4076
0 4075
0 4074
-3 4073
0 4072
9 4071
0 4070
2 4069
0 4068
-6 4067
0 4066
2 4065
0 4064
-1 4063
0 4062
3 4061
0 4060
2 4059
0 4058
-3 4057
0 4056
-2 4055
0 4054
4 4053
0 4052
9 4051
0 4050
10 4049
0 4048
-5 4047
0 4046
-6 4045
0 4044
-7 4043
0 4042
2 4041
0 4040
-7 4039
0 4038
-5 4037
0 4036
8 4035
0 4034
1 4033
0 4032
-10 4031
0 4030
-10 4029
0 4028
-4 4027
0 4026
-10 4025
0 4024
8 4023
0 4022
-1 4021
0 4020
-6 4019
0 4018
1 4017
0 4016
-9 4015
0 4014
-2 4013
0 4012
-9 4011
0 4010
-3 4009
0 4008
-3 4007
0 4006
1 4005
0 4004
8 4003
0 4002
-4 4001
0 4000
-8 3999
0 3998
-2 3997
0 3996
-9 3995
0 3994
-6 3993
0 3992
1 3991
0 3990
-7 3989
0 3988
-5 3987
0 3986
3 3985
0 3984
-5 3983
0 3982
-8 3981
0 3980
6 3979
0 3978
-3 3977
0 3976
-10 3975
0 3974
-6 3973
0 3972
3 3971
0 3970
-7 3969
0 3968
5 3967
0 3966
1 3965
0 3964
1 3963
0 3962
9 3961
0 3960
-4 3959
0 3958
4 3957
0 3956
4 3955
0 3954
-6 3953
0 3952
-2 3951
0 3950
-10 3949
0 3948
-6 3947
0 3946
-6 3945
0 3944
5 3943
0 3942
1 3941
0 3940
-8 3939
0 3938
4 3937
0 3936
0 3935
0 3934
2 3933
0 3932
-7 3931
0 3930
4 3929
0 3928
0 3927
0 3926
2 3925
0 3924
-4 3923
0 3922
-9 3921
0 3920
-1 3919
0 3918
8 3917
0 3916
-9 3915
0 3914
6 3913
0 3912
2 3911
0 3910
-2 3909
0 3908
8 3907
0 3906
-6 3905
0 3904
-1 3903
0 3902
0 3901
0 3900
-2 3899
0 3898
2 3897
0 3896
1 3895
0 3894
-8 3893
0 3892
-4 3891
0 3890
-1 3889
0 3888
-2 3887
0 3886
8 3885
0 3884
5 3883
0 3882
-10 3881
0 3880
8 3879
0 3878
-2 3877
0 3876
10 3875
0 3874
-8 3873
0 3872
8 3871
0 3870
10 3869
0 3868
10 3867
0 3866
10 3865
0 3864
-7 3863
0 3862
-5 3861
0 3860
-2 3859
0 3858
4 3857
0 3856
0 3855
0 3854
7 3853
0 3852
-9 3851
0 3850
0 3849
0 3848
-6 3847
0 3846
2 3845
0 3844
10 3843
0 3842
3 3841
0 3840
4 3839
0 3838
4 3837
0 3836
-1 3835
0 3834
-8 3833
0 3832
-9 3831
0 3830
3 3829
0 3828
-5 3827
0 3826
-3 3825
0 3824
9 3823
0 3822
-6 3821
0 3820
2 3819
0 3818
-1 3817
0 3816
-10 3815
0 3814
5 3813
0 3812
7 3811
0 3810
8 3809
0 3808
2 3807
0 3806
-3 3805
0 3804
3 3803
0 3802
1 3801
0 3800
-5 3799
0 3798
1 3797
0 3796
-9 3795
0 3794
-2 3793
0 3792
7 3791
0 3790
7 3789
0 3788
6 3787
0 3786
2 3785
0 3784
0 3783
0 3782
0 3781
0 3780
-5 3779
0 3778
8 3777
0 3776
-5 3775
0 3774
2 3773
0 3772
9 3771
0 3770
10 3769
0 3768
-4 3767
0 3766
-6 3765
0 3764
4 3763
0 3762
5 3761
0 3760
-5 3759
0 3758
5 3757
0 3756
9 3755
0 3754
6 3753
0 3752
10 3751
0 3750
7 3749
0 3748
4 3747
0 3746
8 3745
0 3744
-2 3743
0 3742
-9 3741
0 3740
7 3739
0 3738
-2 3737
0 3736
7 3735
0 3734
8 3733
0 3732
-3 3731
0 3730
2 3729
0 3728
-5 3727
0 3726
-1 3725
0 3724
-1 3723
0 3722
-1 3721
0 3720
-2 3719
0 3718
-6 3717
0 3716
3 3715
0 3714
-7 3713
0 3712
10 3711
0 3710
-8 3709
0 3708
-6 3707
0 3706
-4 3705
0 3704
0 3703
0 3702
10 3701
0 3700
2 3699
0 3698
-3 3697
0 3696
-2 3695
0 3694
1 3693
0 3692
-5 3691
0 3690
-8 3689
0 3688
7 3687
0 3686
4 3685
0 3684
-2 3683
0 3682
-9 3681
0 3680
8 3679
0 3678
-9 3677
0 3676
1 3675
0 3674
-9 3673
0 3672
-1 3671
0 3670
2 3669
0 3668
5 3667
0 3666
2 3665
0 3664
2 3663
0 3662
-9 3661
0 3660
8 3659
0 3658
-4 3657
0 3656
-1 3655
0 3654
10 3653
0 3652
-7 3651
0 3650
2 3649
0 3648
8 3647
0 3646
-8 3645
0 3644
-6 3643
0 3642
9 3641
0 3640
8 3639
0 3638
8 3637
0 3636
-9 3635
0 3634
-6 3633
0 3632
-2 3631
0 3630
-4 3629
0 3628
-9 3627
0 3626
-5 3625
0 3624
8 3623
0 3622
-9 3621
0 3620
1 3619
0 3618
-8 3617
0 3616
-10 3615
0 3614
-5 3613
0 3612
8 3611
0 3610
-6 3609
0 3608
1 3607
0 3606
-6 3605
0 3604
-1 3603
0 3602
1 3601
0 3600
-7 3599
0 3598
2 3597
0 3596
-2 3595
0 3594
7 3593
0 3592
9 3591
0 3590
5 3589
0 3588
1 3587
0 3586
-10 3585
0 3584
1 3583
0 3582
-8 3581
0 3580
-3 3579
0 3578
-8 3577
0 3576
-1 3575
0 3574
6 3573
0 3572
-1 3571
0 3570
-2 3569
0 3568
-6 3567
0 3566
5 3565
0 3564
-1 3563
0 3562
1 3561
0 3560
-6 3559
0 3558
-9 3557
0 3556
-1 3555
0 3554
6 3553
0 3552
2 3551
0 3550
4 3549
0 3548
3 3547
0 3546
3 3545
0 3544
0 3543
0 3542
-10 3541
0 3540
-4 3539
0 3538
7 3537
0 3536
-7 3535
0 3534
10 3533
0 3532
-7 3531
0 3530
-7 3529
0 3528
-5 3527
0 3526
5 3525
0 3524
6 3523
0 3522
0 3521
0 3520
-4 3519
0 3518
4 3517
0 3516
5 3515
0 3514
-6 3513
0 3512
-7 3511
0 3510
-3 3509
0 3508
-10 3507
0 3506
10 3505
0 3504
8 3503
0 3502
-5 3501
0 3500
-2 3499
0 3498
-1 3497
0 3496
8 3495
0 3494
-4 3493
0 3492
-8 3491
0 3490
4 3489
0 3488
10 3487
0 3486
10 3485
0 3484
5 3483
0 3482
-4 3481
0 3480
-8 3479
0 3478
-7 3477
0 3476
-9 3475
0 3474
-3 3473
0 3472
9 3471
0 3470
-6 3469
0 3468
1 3467
0 3466
-3 3465
0 3464
-8 3463
0 3462
-10 3461
0 3460
-4 3459
0 3458
-1 3457
0 3456
4 3455
0 3454
-2 3453
0 3452
-2 3451
0 3450
3 3449
0 3448
1 3447
0 3446
6 3445
0 3444
-1 3443
0 3442
1 3441
0 3440
-1 3439
0 3438
6 3437
0 3436
-8 3435
0 3434
-6 3433
0 3432
0 3431
0 3430
-9 3429
0 3428
7 3427
0 3426
-10 3425
0 3424
-9 3423
0 3422
-10 3421
0 3420
-5 3419
0 3418
-4 3417
0 3416
9 3415
0 3414
-1 3413
0 3412
-5 3411
0 3410
-4 3409
0 3408
9 3407
0 3406
10 3405
0 3404
-3 3403
0 3402
0 3401
0 3400
9 3399
0 3398
-7 3397
0 3396
-4 3395
0 3394
9 3393
0 3392
-7 3391
0 3390
9 3389
0 3388
4 3387
0 3386
3 3385
0 3384
9 3383
0 3382
-8 3381
0 3380
2 3379
0 3378
-7 3377
0 3376
3 3375
0 3374
10 3373
0 3372
-2 3371
0 3370
3 3369
0 3368
8 3367
0 3366
5 3365
0 3364
4 3363
0 3362
9 3361
0 3360
-3 3359
0 3358
10 3357
0 3356
-3 3355
0 3354
8 3353
0 3352
-1 3351
0 3350
10 3349
0 3348
7 3347
0 3346
9 3345
0 3344
8 3343
0 3342
3 3341
0 3340
-2 3339
0 3338
-1 3337
0 3336
-5 3335
0 3334
9 3333
0 3332
6 3331
0 3330
-2 3329
0 3328
-2 3327
0 3326
4 3325
0 3324
7 3323
0 3322
-6 3321
0 3320
10 3319
0 3318
0 3317
0 3316
-10 3315
0 3314
-6 3313
0 3312
1 3311
0 3310
-9 3309
0 3308
-2 3307
0 3306
1 3305
0 3304
-10 3303
0 3302
-7 3301
0 3300
-3 3299
0 3298
8 3297
0 3296
-5 3295
0 3294
4 3293
0 3292
2 3291
0 3290
-8 3289
0 3288
4 3287
0 3286
0 3285
0 3284
-5 3283
0 3282
-2 3281
0 3280
3 3279
0 3278
-8 3277
0 3276
-4 3275
0 3274
0 3273
0 3272
-4 3271
0 3270
-6 3269
0 3268
2 3267
0 3266
-1 3265
0 3264
-5 3263
0 3262
5 3261
0 3260
-6 3259
0 3258
3 3257
0 3256
6 3255
0 3254
-4 3253
0 3252
-4 3251
0 3250
1 3249
0 3248
-2 3247
0 3246
10 3245
0 3244
3 3243
0 3242
6 3241
0 3240
8 3239
0 3238
-6 3237
0 3236
-2 3235
0 3234
6 3233
0 3232
-5 3231
0 3230
3 3229
0 3228
-1 3227
0 3226
2 3225
0 3224
4 3223
0 3222
8 3221
0 3220
-1 3219
0 3218
-5 3217
0 3216
-9 3215
0 3214
1 3213
0 3212
0 3211
0 3210
3 3209
0 3208
-5 3207
0 3206
5 3205
0 3204
-9 3203
0 3202
-3 3201
0 3200
1 3199
0 3198
3 3197
0 3196
-3 3195
0 3194
7 3193
0 3192
-10 3191
0 3190
2 3189
0 3188
7 3187
0 3186
-8 3185
0 3184
6 3183
0 3182
-4 3181
0 3180
-2 3179
0 3178
-9 3177
0 3176
-6 3175
0 3174
-8 3173
0 3172
-4 3171
0 3170
-10 3169
0 3168
1 3167
0 3166
7 3165
0 3164
6 3163
0 3162
10 3161
0 3160
-8 3159
0 3158
8 3157
0 3156
6 3155
0 3154
9 3153
0 3152
5 3151
0 3150
1 3149
0 3148
-6 3147
0 3146
-9 3145
0 3144
1 3143
0 3142
9 3141
0 3140
1 3139
0 3138
-9 3137
0 3136
7 3135
0 3134
-4 3133
0 3132
2 3131
0 3130
-3 3129
0 3128
4 3127
0 3126
-6 3125
0 3124
0 3123
0 3122
9 3121
0 3120
-4 3119
0 3118
4 3117
0 3116
1 3115
0 3114
0 3113
0 3112
-3 3111
0 3110
2 3109
0 3108
7 3107
0 3106
3 3105
0 3104
-8 3103
0 3102
10 3101
0 3100
-3 3099
0 3098
-1 3097
0 3096
7 3095
0 3094
4 3093
0 3092
8 3091
0 3090
5 3089
0 3088
-2 3087
0 3086
7 3085
0 3084
-1 3083
0 3082
-9 3081
0 3080
-5 3079
0 3078
-3 3077
0 3076
-4 3075
0 3074
9 3073
0 3072
7 3071
0 3070
6 3069
0 3068
3 3067
0 3066
8 3065
0 3064
1 3063
0 3062
-6 3061
0 3060
-10 3059
0 3058
-6 3057
0 3056
2 3055
0 3054
-1 3053
0 3052
9 3051
0 3050
-4 3049
0 3048
1 3047
0 3046
-2 3045
0 3044
-4 3043
0 3042
9 3041
0 3040
0 3039
0 3038
-2 3037
0 3036
-3 3035
0 3034
-3 3033
0 3032
7 3031
0 3030
-7 3029
0 3028
1 3027
0 3026
1 3025
0 3024
-5 3023
0 3022
0 3021
0 3020
-8 3019
0 3018
7 3017
0 3016
9 3015
0 3014
-7 3013
0 3012
10 3011
0 3010
3 3009
0 3008
5 3007
0 3006
4 3005
0 3004
-7 3003
0 3002
1 3001
0 3000
-3 2999
0 2998
-4 2997
0 2996
-8 2995
0 2994
5 2993
0 2992
6 2991
0 2990
-7 2989
0 2988
-3 2987
0 2986
-2 2985
0 2984
-3 2983
0 2982
7 2981
0 2980
8 2979
0 2978
-8 2977
0 2976
2 2975
0 2974
9 2973
0 2972
5 2971
0 2970
-7 2969
0 2968
-6 2967
0 2966
4 2965
0 2964
-8 2963
0 2962
-10 2961
0 2960
2 2959
0 2958
2 2957
0 2956
5 2955
0 2954
9 2953
0 2952
-4 2951
0 2950
6 2949
0 2948
-8 2947
0 2946
5 2945
0 2944
-10 2943
0 2942
3 2941
0 2940
-9 2939
0 2938
7 2937
0 2936
9 2935
0 2934
-8 2933
0 2932
7 2931
0 2930
-5 2929
0 2928
10 2927
0 2926
-5 2925
0 2924
-10 2923
0 2922
2 2921
0 2920
3 2919
0 2918
-3 2917
0 2916
2 2915
0 2914
9 2913
0 2912
1 2911
0 2910
7 2909
0 2908
-5 2907
0 2906
8 2905
0 2904
-8 2903
0 2902
3 2901
0 2900
5 2899
0 2898
6 2897
0 2896
-8 2895
0 2894
1 2893
0 2892
1 2891
0 2890
-1 2889
0 2888
-1 2887
0 2886
6 2885
0 2884
4 2883
0 2882
8 2881
0 2880
1 2879
0 2878
-10 2877
0 2876
10 2875
0 2874
3 2873
0 2872
6 2871
0 2870
-4 2869
0 2868
6 2867
0 2866
0 2865
0 2864
3 2863
0 2862
-5 2861
0 2860
1 2859
0 2858
9 2857
0 2856
-2 2855
0 2854
-3 2853
0 2852
-7 2851
0 2850
-7 2849
0 2848
-2 2847
0 2846
-9 2845
0 2844
7 2843
0 2842
9 2841
0 2840
8 2839
0 2838
5 2837
0 2836
-7 2835
0 2834
3 2833
0 2832
-4 2831
0 2830
6 2829
0 2828
4 2827
0 2826
-2 2825
0 2824
10 2823
0 2822
5 2821
0 2820
0 2819
0 2818
2 2817
0 2816
3 2815
0 2814
-2 2813
0 2812
8 2811
0 2810
0 2809
0 2808
-6 2807
0 2806
-3 2805
0 2804
-8 2803
0 2802
3 2801
0 2800
-2 2799
0 2798
-3 2797
0 2796
-1 2795
0 2794
5 2793
0 2792
4 2791
0 2790
8 2789
0 2788
-6 2787
0 2786
-1 2785
0 2784
2 2783
0 2782
0 2781
0 2780
9 2779
0 2778
7 2777
0 2776
9 2775
0 2774
-4 2773
0 2772
-5 2771
0 2770
-4 2769
0 2768
-7 2767
0 2766
10 2765
0 2764
2 2763
0 2762
-9 2761
0 2760
7 2759
0 2758
-3 2757
0 2756
-4 2755
0 2754
-6 2753
0 2752
-4 2751
0 2750
-5 2749
0 2748
6 2747
0 2746
-1 2745
0 2744
-6 2743
0 2742
-5 2741
0 2740
0 2739
0 2738
10 2737
0 2736
5 2735
0 2734
4 2733
0 2732
4 2731
0 2730
-5 2729
0 2728
8 2727
0 2726
-2 2725
0 2724
1 2723
0 2722
5 2721
0 2720
-2 2719
0 2718
-2 2717
0 2716
-5 2715
0 2714
-7 2713
0 2712
10 2711
0 2710
7 2709
0 2708
-8 2707
0 2706
-1 2705
0 2704
-4 2703
0 2702
3 2701
0 2700
4 2699
0 2698
-10 2697
0 2696
6 2695
0 2694
4 2693
0 2692
-10 2691
0 2690
6 2689
0 2688
6 2687
0 2686
0 2685
0 2684
-2 2683
0 2682
-9 2681
0 2680
-6 2679
0 2678
-9 2677
0 2676
-2 2675
0 2674
-9 2673
0 2672
6 2671
0 2670
7 2669
0 2668
10 2667
0 2666
3 2665
0 2664
5 2663
0 2662
4 2661
0 2660
-6 2659
0 2658
-7 2657
0 2656
3 2655
0 2654
5 2653
0 2652
3 2651
0 2650
-3 2649
0 2648
7 2647
0 2646
7 2645
0 2644
-2 2643
0 2642
7 2641
0 2640
-3 2639
0 2638
9 2637
0 2636
-9 2635
0 2634
4 2633
0 2632
-2 2631
0 2630
-7 2629
0 2628
10 2627
0 2626
-1 2625
0 2624
4 2623
0 2622
-4 2621
0 2620
-9 2619
0 2618
4 2617
0 2616
-1 2615
0 2614
0 2613
0 2612
2 2611
0 2610
8 2609
0 2608
-7 2607
0 2606
3 2605
0 2604
-6 2603
0 2602
-10 2601
0 2600
8 2599
0 2598
-6 2597
0 2596
2 2595
0 2594
-6 2593
0 2592
8 2591
0 2590
0 2589
0 2588
5 2587
0 2586
-8 2585
0 2584
4 2583
0 2582
3 2581
0 2580
-7 2579
0 2578
-10 2577
0 2576
-1 2575
0 2574
1 2573
0 2572
0 2571
0 2570
1 2569
0 2568
-3 2567
0 2566
3 2565
0 2564
8 2563
0 2562
-9 2561
0 2560
6 2559
0 2558
2 2557
0 2556
9 2555
0 2554
1 2553
0 2552
-5 2551
0 2550
5 2549
0 2548
-6 2547
0 2546
8 2545
0 2544
3 2543
0 2542
3 2541
0 2540
-9 2539
0 2538
6 2537
0 2536
7 2535
0 2534
-3 2533
0 2532
6 2531
0 2530
2 2529
0 2528
4 2527
0 2526
3 2525
0 2524
-7 2523
0 2522
-1 2521
0 2520
7 2519
0 2518
0 2517
0 2516
-3 2515
0 2514
7 2513
0 2512
-3 2511
0 2510
-10 2509
0 2508
-7 2507
0 2506
-6 2505
0 2504
-4 2503
0 2502
8 2501
0 2500
0 2499
0 2498
4 2497
0 2496
7 2495
0 2494
-7 2493
0 2492
6 2491
0 2490
-5 2489
0 2488
-10 2487
0 2486
5 2485
0 2484
0 2483
0 2482
-2 2481
0 2480
5 2479
0 2478
6 2477
0 2476
-3 2475
0 2474
-6 2473
0 2472
-1 2471
0 2470
9 2469
0 2468
0 2467
0 2466
-6 2465
0 2464
-5 2463
0 2462
6 2461
0 2460
4 2459
0 2458
8 2457
0 2456
-6 2455
0 2454
2 2453
0 2452
-9 2451
0 2450
-2 2449
0 2448
-6 2447
0 2446
-6 2445
0 2444
7 2443
0 2442
10 2441
0 2440
4 2439
0 2438
-3 2437
0 2436
7 2435
0 2434
4 2433
0 2432
2 2431
0 2430
-4 2429
0 2428
10 2427
0 2426
-5 2425
0 2424
0 2423
0 2422
4 2421
0 2420
8 2419
0 2418
8 2417
0 2416
2 2415
0 2414
1 2413
0 2412
-9 2411
0 2410
0 2409
0 2408
9 2407
0 2406
-7 2405
0 2404
3 2403
0 2402
10 2401
0 2400
-10 2399
0 2398
-5 2397
0 2396
-1 2395
0 2394
10 2393
0 2392
1 2391
0 2390
9 2389
0 2388
-1 2387
0 2386
-9 2385
0 2384
-4 2383
0 2382
-1 2381
0 2380
3 2379
0 2378
-6 2377
0 2376
2 2375
0 2374
2 2373
0 2372
-1 2371
0 2370
-4 2369
0 2368
2 2367
0 2366
9 2365
0 2364
5 2363
0 2362
7 2361
0 2360
-9 2359
0 2358
3 2357
0 2356
-2 2355
0 2354
-9 2353
0 2352
0 2351
0 2350
3 2349
0 2348
2 2347
0 2346
0 2345
0 2344
0 2343
0 2342
0 2341
0 2340
8 2339
0 2338
4 2337
0 2336
-10 2335
0 2334
-2 2333
0 2332
1 2331
0 2330
-10 2329
0 2328
-6 2327
0 2326
6 2325
0 2324
-1 2323
0 2322
0 2321
0 2320
1 2319
0 2318
-1 2317
0 2316
3 2315
0 2314
-6 2313
0 2312
-1 2311
0 2310
3 2309
0 2308
-4 2307
0 2306
-8 2305
0 2304
-9 2303
0 2302
-10 2301
0 2300
-5 2299
0 2298
8 2297
0 2296
2 2295
0 2294
-8 2293
0 2292
0 2291
0 2290
10 2289
0 2288
-8 2287
0 2286
1 2285
0 2284
0 2283
0 2282
2 2281
0 2280
5 2279
0 2278
-10 2277
0 2276
-1 2275
0 2274
6 2273
0 2272
-4 2271
0 2270
-5 2269
0 2268
4 2267
0 2266
0 2265
0 2264
-4 2263
0 2262
-8 2261
0 2260
2 2259
0 2258
-7 2257
0 2256
-6 2255
0 2254
-5 2253
0 2252
-5 2251
0 2250
3 2249
0 2248
2 2247
0 2246
-8 2245
0 2244
4 2243
0 2242
-8 2241
0 2240
6 2239
0 2238
4 2237
0 2236
-3 2235
0 2234
7 2233
0 2232
-9 2231
0 2230
1 2229
0 2228
6 2227
0 2226
0 2225
0 2224
5 2223
0 2222
1 2221
0 2220
-8 2219
0 2218
-1 2217
0 2216
-10 2215
0 2214
-10 2213
0 2212
2 2211
0 2210
10 2209
0 2208
-8 2207
0 2206
-8 2205
0 2204
-7 2203
0 2202
-6 2201
0 2200
4 2199
0 2198
2 2197
0 2196
-3 2195
0 2194
-2 2193
0 2192
-9 2191
0 2190
-9 2189
0 2188
-8 2187
0 2186
-9 2185
0 2184
1 2183
0 2182
-6 2181
0 2180
-8 2179
0 2178
0 2177
0 2176
10 2175
0 2174
-10 2173
0 2172
3 2171
0 2170
1 2169
0 2168
5 2167
0 2166
-10 2165
0 2164
10 2163
0 2162
9 2161
0 2160
6 2159
0 2158
-4 2157
0 2156
-4 2155
0 2154
10 2153
0 2152
-4 2151
0 2150
-4 2149
0 2148
-8 2147
0 2146
-9 2145
0 2144
8 2143
0 2142
5 2141
0 2140
-2 2139
0 2138
1 2137
0 2136
9 2135
0 2134
-2 2133
0 2132
9 2131
0 2130
-8 2129
0 2128
-5 2127
0 2126
-1 2125
0 2124
2 2123
0 2122
-8 2121
0 2120
-2 2119
0 2118
3 2117
0 2116
5 2115
0 2114
1 2113
0 2112
-9 2111
0 2110
-6 2109
0 2108
-10 2107
0 2106
8 2105
0 2104
8 2103
0 2102
-1 2101
0 2100
-3 2099
0 2098
-4 2097
0 2096
-10 2095
0 2094
-9 2093
0 2092
5 2091
0 2090
-9 2089
0 2088
-8 2087
0 2086
6 2085
0 2084
1 2083
0 2082
4 2081
0 2080
-4 2079
0 2078
6 2077
0 2076
-5 2075
0 2074
-1 2073
0 2072
-10 2071
0 2070
-4 2069
0 2068
5 2067
0 2066
4 2065
0 2064
-7 2063
0 2062
-4 2061
0 2060
8 2059
0 2058
8 2057
0 2056
4 2055
0 2054
-9 2053
0 2052
-10 2051
0 2050
-8 2049
0 2048
-1 2047
0 2046
-3 2045
0 2044
3 2043
0 2042
0 2041
0 2040
-5 2039
0 2038
-5 2037
0 2036
7 2035
0 2034
-9 2033
0 2032
5 2031
0 2030
0 2029
0 2028
-1 2027
0 2026
1 2025
0 2024
8 2023
0 2022
7 2021
0 2020
-10 2019
0 2018
1 2017
0 2016
5 2015
0 2014
-10 2013
0 2012
5 2011
0 2010
-9 2009
0 2008
-7 2007
0 2006
-3 2005
0 2004
7 2003
0 2002
5 2001
0 2000
-8 1999
0 1998
6 1997
0 1996
-4 1995
0 1994
-8 1993
0 1992
-2 1991
0 1990
4 1989
0 1988
-2 1987
0 1986
-9 1985
0 1984
6 1983
0 1982
-5 1981
0 1980
4 1979
0 1978
1 1977
0 1976
4 1975
0 1974
-3 1973
0 1972
-4 1971
0 1970
-7 1969
0 1968
-9 1967
0 1966
3 1965
0 1964
-9 1963
0 1962
-3 1961
0 1960
2 1959
0 1958
1 1957
0 1956
-4 1955
0 1954
7 1953
0 1952
6 1951
0 1950
-9 1949
0 1948
10 1947
0 1946
-1 1945
0 1944
-5 1943
0 1942
5 1941
0 1940
10 1939
0 1938
-7 1937
0 1936
9 1935
0 1934
0 1933
0 1932
-2 1931
0 1930
8 1929
0 1928
7 1927
0 1926
-3 1925
0 1924
-2 1923
0 1922
6 1921
0 1920
-6 1919
0 1918
-3 1917
0 1916
-2 1915
0 1914
7 1913
0 1912
8 1911
0 1910
1 1909
0 1908
4 1907
0 1906
-7 1905
0 1904
-3 1903
0 1902
-5 1901
0 1900
-6 1899
0 1898
0 1897
0 1896
-4 1895
0 1894
-2 1893
0 1892
-8 1891
0 1890
-4 1889
0 1888
-6 1887
0 1886
1 1885
0 1884
-5 1883
0 1882
-10 1881
0 1880
-5 1879
0 1878
3 1877
0 1876
0 1875
0 1874
10 1873
0 1872
-4 1871
0 1870
-4 1869
0 1868
4 1867
0 1866
5 1865
0 1864
10 1863
0 1862
-10 1861
0 1860
-5 1859
0 1858
-10 1857
0 1856
3 1855
0 1854
9 1853
0 1852
4 1851
0 1850
-1 1849
0 1848
9 1847
0 1846
-4 1845
0 1844
-9 1843
0 1842
10 1841
0 1840
0 1839
0 1838
-5 1837
0 1836
7 1835
0 1834
-6 1833
0 1832
-6 1831
0 1830
2 1829
0 1828
-7 1827
0 1826
5 1825
0 1824
0 1823
0 1822
-5 1821
0 1820
-9 1819
0 1818
-2 1817
0 1816
-9 1815
0 1814
10 1813
0 1812
-3 1811
0 1810
10 1809
0 1808
1 1807
0 1806
10 1805
0 1804
2 1803
0 1802
1 1801
0 1800
3 1799
0 1798
0 1797
0 1796
-8 1795
0 1794
-3 1793
0 1792
-8 1791
0 1790
-3 1789
0 1788
6 1787
0 1786
-5 1785
0 1784
-7 1783
0 1782
-4 1781
0 1780
3 1779
0 1778
2 1777
0 1776
4 1775
0 1774
-1 1773
0 1772
-8 1771
0 1770
-10 1769
0 1768
-7 1767
0 1766
-7 1765
0 1764
-8 1763
0 1762
-2 1761
0 1760
0 1759
0 1758
2 1757
0 1756
1 1755
0 1754
9 1753
0 1752
1 1751
0 1750
8 1749
0 1748
7 1747
0 1746
-9 1745
0 1744
-1 1743
0 1742
7 1741
0 1740
5 1739
0 1738
-2 1737
0 1736
2 1735
0 1734
7 1733
0 1732
-7 1731
0 1730
10 1729
0 1728
-9 1727
0 1726
9 1725
0 1724
0 1723
0 1722
0 1721
0 1720
-1 1719
0 1718
10 1717
0 1716
6 1715
0 1714
-8 1713
0 1712
2 1711
0 1710
-9 1709
0 1708
10 1707
0 1706
10 1705
0 1704
-3 1703
0 1702
1 1701
0 1700
7 1699
0 1698
2 1697
0 1696
6 1695
0 1694
5 1693
0 1692
-2 1691
0 1690
-3 1689
0 1688
10 1687
0 1686
-10 1685
0 1684
9 1683
0 1682
2 1681
0 1680
-1 1679
0 1678
10 1677
0 1676
5 1675
0 1674
-10 1673
0 1672
-10 1671
0 1670
-6 1669
0 1668
0 1667
0 1666
-2 1665
0 1664
-7 1663
0 1662
-2 1661
0 1660
0 1659
0 1658
-2 1657
0 1656
3 1655
0 1654
10 1653
0 1652
3 1651
0 1650
4 1649
0 1648
-2 1647
0 1646
-4 1645
0 1644
1 1643
0 1642
-2 1641
0 1640
0 1639
0 1638
-8 1637
0 1636
6 1635
0 1634
8 1633
0 1632
5 1631
0 1630
-5 1629
0 1628
-8 1627
0 1626
-4 1625
0 1624
-6 1623
0 1622
5 1621
0 1620
0 1619
0 1618
3 1617
0 1616
5 1615
0 1614
-3 1613
0 1612
-10 1611
0 1610
-7 1609
0 1608
7 1607
0 1606
9 1605
0 1604
3 1603
0 1602
2 1601
0 1600
2 1599
0 1598
-9 1597
0 1596
6 1595
0 1594
-3 1593
0 1592
4 1591
0 1590
-8 1589
0 1588
1 1587
0 1586
-9 1585
0 1584
-4 1583
0 1582
-5 1581
0 1580
9 1579
0 1578
-5 1577
0 1576
8 1575
0 1574
5 1573
0 1572
-7 1571
0 1570
1 1569
0 1568
1 1567
0 1566
10 1565
0 1564
-4 1563
0 1562
-4 1561
0 1560
-1 1559
0 1558
1 1557
0 1556
3 1555
0 1554
2 1553
0 1552
-5 1551
0 1550
9 1549
0 1548
-4 1547
0 1546
2 1545
0 1544
5 1543
0 1542
8 1541
0 1540
-8 1539
0 1538
10 1537
0 1536
-5 1535
0 1534
3 1533
0 1532
-1 1531
0 1530
-10 1529
0 1528
2 1527
0 1526
3 1525
0 1524
-6 1523
0 1522
-7 1521
0 1520
3 1519
0 1518
2 1517
0 1516
2 1515
0 1514
5 1513
0 1512
10 1511
0 1510
0 1509
0 1508
-2 1507
0 1506
0 1505
0 1504
-8 1503
0 1502
3 1501
0 1500
5 1499
0 1498
1 1497
0 1496
-5 1495
0 1494
0 1493
0 1492
9 1491
0 1490
-6 1489
0 1488
2 1487
0 1486
-5 1485
0 1484
10 1483
0 1482
0 1481
0 1480
8 1479
0 1478
6 1477
0 1476
-8 1475
0 1474
-10 1473
0 1472
-8 1471
0 1470
10 1469
0 1468
-3 1467
0 1466
10 1465
0 1464
9 1463
0 1462
2 1461
0 1460
1 1459
0 1458
8 1457
0 1456
2 1455
0 1454
0 1453
0 1452
1 1451
0 1450
4 1449
0 1448
-9 1447
0 1446
8 1445
0 1444
-2 1443
0 1442
7 1441
0 1440
-2 1439
0 1438
-9 1437
0 1436
-3 1435
0 1434
10 1433
0 1432
-3 1431
0 1430
-3 1429
0 1428
8 1427
0 1426
-2 1425
0 1424
4 1423
0 1422
6 1421
0 1420
1 1419
0 1418
-4 1417
0 1416
-6 1415
0 1414
-5 1413
0 1412
2 1411
0 1410
4 1409
0 1408
5 1407
0 1406
-3 1405
0 1404
6 1403
0 1402
7 1401
0 1400
2 1399
0 1398
6 1397
0 1396
-6 1395
0 1394
-1 1393
0 1392
3 1391
0 1390
-5 1389
0 1388
10 1387
0 1386
5 1385
0 1384
9 1383
0 1382
10 1381
0 1380
-10 1379
0 1378
-5 1377
0 1376
-9 1375
0 1374
6 1373
0 1372
6 1371
0 1370
-3 1369
0 1368
-4 1367
0 1366
1 1365
0 1364
7 1363
0 1362
4 1361
0 1360
-2 1359
0 1358
-10 1357
0 1356
4 1355
0 1354
-8 1353
0 1352
5 1351
0 1350
-5 1349
0 1348
1 1347
0 1346
10 1345
0 1344
7 1343
0 1342
8 1341
0 1340
6 1339
0 1338
10 1337
0 1336
9 1335
0 1334
8 1333
0 1332
7 1331
0 1330
7 1329
0 1328
0 1327
0 1326
3 1325
0 1324
-9 1323
0 1322
9 1321
0 1320
2 1319
0 1318
-3 1317
0 1316
-3 1315
0 1314
6 1313
0 1312
8 1311
0 1310
1 1309
0 1308
1 1307
0 1306
1 1305
0 1304
10 1303
0 1302
-7 1301
0 1300
-5 1299
0 1298
9 1297
0 1296
-9 1295
0 1294
5 1293
0 1292
-3 1291
0 1290
6 1289
0 1288
3 1287
0 1286
-6 1285
0 1284
-7 1283
0 1282
-3 1281
0 1280
-1 1279
0 1278
-3 1277
0 1276
-4 1275
0 1274
-2 1273
0 1272
-6 1271
0 1270
7 1269
0 1268
7 1267
0 1266
6 1265
0 1264
-5 1263
0 1262
6 1261
0 1260
-6 1259
0 1258
-6 1257
0 1256
-9 1255
0 1254
-1 1253
0 1252
-1 1251
0 1250
-5 1249
0 1248
0 1247
0 1246
10 1245
0 1244
9 1243
0 1242
-1 1241
0 1240
-9 1239
0 1238
-2 1237
0 1236
0 1235
0 1234
-1 1233
0 1232
9 1231
0 1230
9 1229
0 1228
-10 1227
0 1226
-7 1225
0 1224
0 1223
0 1222
9 1221
0 1220
7 1219
0 1218
-10 1217
0 1216
-7 1215
0 1214
-1 1213
0 1212
-8 1211
0 1210
8 1209
0 1208
1 1207
0 1206
8 1205
0 1204
9 1203
0 1202
9 1201
0 1200
-7 1199
0 1198
6 1197
0 1196
-4 1195
0 1194
-4 1193
0 1192
-4 1191
0 1190
-6 1189
0 1188
-8 1187
0 1186
2 1185
0 1184
1 1183
0 1182
6 1181
0 1180
5 1179
0 1178
-1 1177
0 1176
-9 1175
0 1174
-3 1173
0 1172
7 1171
0 1170
-4 1169
0 1168
-2 1167
0 1166
-4 1165
0 1164
-5 1163
0 1162
6 1161
0 1160
8 1159
0 1158
9 1157
0 1156
0 1155
0 1154
8 1153
0 1152
-2 1151
0 1150
4 1149
0 1148
-5 1147
0 1146
-4 1145
0 1144
-3 1143
0 1142
-1 1141
0 1140
5 1139
0 1138
-2 1137
0 1136
6 1135
0 1134
-10 1133
0 1132
-5 1131
0 1130
-4 1129
0 1128
-1 1127
0 1126
3 1125
0 1124
10 1123
0 1122
1 1121
0 1120
6 1119
0 1118
-4 1117
0 1116
-6 1115
0 1114
10 1113
0 1112
10 1111
0 1110
6 1109
0 1108
4 1107
0 1106
2 1105
0 1104
2 1103
0 1102
0 1101
0 1100
-7 1099
0 1098
4 1097
0 1096
0 1095
0 1094
-1 1093
0 1092
10 1091
0 1090
-1 1089
0 1088
-7 1087
0 1086
8 1085
0 1084
-9 1083
0 1082
5 1081
0 1080
-5 1079
0 1078
-8 1077
0 1076
-7 1075
0 1074
-10 1073
0 1072
5 1071
0 1070
-3 1069
0 1068
4 1067
0 1066
4 1065
0 1064
-1 1063
0 1062
6 1061
0 1060
-10 1059
0 1058
-1 1057
0 1056
2 1055
0 1054
-10 1053
0 1052
-10 1051
0 1050
10 1049
0 1048
10 1047
0 1046
2 1045
0 1044
8 1043
0 1042
10 1041
0 1040
4 1039
0 1038
10 1037
0 1036
0 1035
0 1034
7 1033
0 1032
4 1031
0 1030
10 1029
0 1028
-8 1027
0 1026
-2 1025
0 1024
-5 1023
0 1022
-2 1021
0 1020
-2 1019
0 1018
-10 1017
0 1016
9 1015
0 1014
1 1013
0 1012
-4 1011
0 1010
0 1009
0 1008
10 1007
0 1006
0 1005
0 1004
-9 1003
0 1002
4 1001
0 1000
9 999
0 998
5 997
0 996
-6 995
0 994
8 993
0 992
1 991
0 990
0 989
0 988
10 987
0 986
9 985
0 984
7 983
0 982
-5 981
0 980
6 979
0 978
-1 977
0 976
-1 975
0 974
4 973
0 972
6 971
0 970
-7 969
0 968
-7 967
0 966
-8 965
0 964
-3 963
0 962
6 961
0 960
7 959
0 958
-2 957
0 956
-3 955
0 954
-8 953
0 952
7 951
0 950
-9 949
0 948
7 947
0 946
6 945
0 944
-10 943
0 942
-2 941
0 940
-6 939
0 938
-1 937
0 936
4 935
0 934
6 933
0 932
7 931
0 930
-1 929
0 928
-10 927
0 926
1 925
0 924
-6 923
0 922
-9 921
0 920
-8 919
0 918
-4 917
0 916
7 915
0 914
-8 913
0 912
3 911
0 910
-1 909
0 908
9 907
0 906
0 905
0 904
1 903
0 902
-3 901
0 900
6 899
0 898
6 897
0 896
7 895
0 894
0 893
0 892
-8 891
0 890
-2 889
0 888
-5 887
0 886
-9 885
0 884
1 883
0 882
8 881
0 880
-6 879
0 878
5 877
0 876
9 875
0 874
1 873
0 872
5 871
0 870
-2 869
0 868
6 867
0 866
-6 865
0 864
-9 863
0 862
2 861
0 860
10 859
0 858
-8 857
0 856
5 855
0 854
2 853
0 852
10 851
0 850
1 849
0 848
-10 847
0 846
-3 845
0 844
6 843
0 842
9 841
0 840
0 839
0 838
3 837
0 836
10 835
0 834
-3 833
0 832
-7 831
0 830
3 829
0 828
0 827
0 826
2 825
0 824
1 823
0 822
-6 821
0 820
-4 819
0 818
0 817
0 816
-9 815
0 814
-1 813
0 812
2 811
0 810
-5 809
0 808
-4 807
0 806
2 805
0 804
9 803
0 802
-9 801
0 800
10 799
0 798
-10 797
0 796
10 795
0 794
-9 793
0 792
-7 791
0 790
2 789
0 788
1 787
0 786
10 785
0 784
7 783
0 782
-1 781
0 780
8 779
0 778
7 777
0 776
1 775
0 774
1 773
0 772
-6 771
0 770
-6 769
0 768
1 767
0 766
-6 765
0 764
-8 763
0 762
10 761
0 760
-7 759
0 758
-6 757
0 756
8 755
0 754
7 753
0 752
7 751
0 750
10 749
0 748
10 747
0 746
-4 745
0 744
-1 743
0 742
-7 741
0 740
5 739
0 738
-8 737
0 736
-10 735
0 734
-5 733
0 732
0 731
0 730
7 729
0 728
-7 727
0 726
-5 725
0 724
-7 723
0 722
0 721
0 720
-4 719
0 718
-2 717
0 716
8 715
0 714
0 713
0 712
5 711
0 710
10 709
0 708
-5 707
0 706
-8 705
0 704
-6 703
0 702
9 701
0 700
6 699
0 698
2 697
0 696
8 695
0 694
-1 693
0 692
-1 691
0 690
1 689
0 688
-8 687
0 686
-6 685
0 684
6 683
0 682
-4 681
0 680
1 679
0 678
-5 677
0 676
-2 675
0 674
7 673
0 672
-2 671
0 670
7 669
0 668
1 667
0 666
-3 665
0 664
-8 663
0 662
-1 661
0 660
0 659
0 658
-4 657
0 656
-9 655
0 654
8 653
0 652
5 651
0 650
0 649
0 648
-6 647
0 646
7 645
0 644
8 643
0 642
2 641
0 640
-8 639
0 638
10 637
0 636
4 635
0 634
3 633
0 632
9 631
0 630
10 629
0 628
10 627
0 626
-6 625
0 624
9 623
0 622
-4 621
0 620
10 619
0 618
-2 617
0 616
5 615
0 614
-7 613
0 612
10 611
0 610
8 609
0 608
-8 607
0 606
10 605
0 604
10 603
0 602
-3 601
0 600
3 599
0 598
-3 597
0 596
10 595
0 594
1 593
0 592
-8 591
0 590
5 589
0 588
3 587
0 586
-5 585
0 584
3 583
0 582
-7 581
0 580
-7 579
0 578
9 577
0 576
10 575
0 574
-4 573
0 572
-3 571
0 570
8 569
0 568
1 567
0 566
9 565
0 564
3 563
0 562
-10 561
0 560
-5 559
0 558
0 557
0 556
7 555
0 554
10 553
0 552
-5 551
0 550
5 549
0 548
-6 547
0 546
-7 545
0 544
-8 543
0 542
4 541
0 540
10 539
0 538
-6 537
0 536
5 535
0 534
9 533
0 532
2 531
0 530
-4 529
0 528
-6 527
0 526
3 525
0 524
0 523
0 522
8 521
0 520
3 519
0 518
0 517
0 516
1 515
0 514
4 513
0 512
6 511
0 510
-1 509
0 508
-7 507
0 506
3 505
0 504
-9 503
0 502
10 501
0 500
2 499
0 498
-6 497
0 496
8 495
0 494
4 493
0 492
-10 491
0 490
-7 489
0 488
3 487
0 486
0 485
0 484
-5 483
0 482
8 481
0 480
10 479
0 478
4 477
0 476
-8 475
0 474
-7 473
0 472
7 471
0 470
6 469
0 468
-3 467
0 466
-10 465
0 464
0 463
0 462
9 461
0 460
0 459
0 458
-3 457
0 456
8 455
0 454
0 453
0 452
4 451
0 450
6 449
0 448
1 447
0 446
-6 445
0 444
-6 443
0 442
7 441
0 440
8 439
0 438
-6 437
0 436
4 435
0 434
5 433
0 432
-4 431
0 430
-8 429
0 428
-3 427
0 426
8 425
0 424
-8 423
0 422
-8 421
0 420
-4 419
0 418
1 417
0 416
8 415
0 414
7 413
0 412
6 411
0 410
2 409
0 408
4 407
0 406
-1 405
0 404
8 403
0 402
6 401
0 400
5 399
0 398
-6 397
0 396
-2 395
0 394
2 393
0 392
6 391
0 390
-2 389
0 388
2 387
0 386
5 385
0 384
1 383
0 382
3 381
0 380
1 379
0 378
4 377
0 376
9 375
0 374
6 373
0 372
-3 371
0 370
-10 369
0 368
4 367
0 366
-5 365
0 364
-6 363
0 362
-4 361
0 360
8 359
0 358
8 357
0 356
-9 355
0 354
8 353
0 352
1 351
0 350
7 349
0 348
1 347
0 346
8 345
0 344
2 343
0 342
1 341
0 340
-8 339
0 338
10 337
0 336
-6 335
0 334
-6 333
0 332
2 331
0 330
5 329
0 328
-9 327
0 326
10 325
0 324
3 323
0 322
-10 321
0 320
-5 319
0 318
0 317
0 316
-7 315
0 314
3 313
0 312
0 311
0 310
5 309
0 308
-10 307
0 306
-6 305
0 304
-4 303
0 302
-1 301
0 300
7 299
0 298
-4 297
0 296
-2 295
0 294
-7 293
0 292
6 291
0 290
-1 289
0 288
-10 287
0 286
-10 285
0 284
-3 283
0 282
7 281
0 280
-10 279
0 278
5 277
0 276
10 275
0 274
3 273
0 272
-6 271
0 270
-8 269
0 268
8 267
0 266
-4 265
0 264
9 263
0 262
-2 261
0 260
3 259
0 258
-6 257
0 256
2 255
0 254
6 253
0 252
-1 251
0 250
0 249
0 248
4 247
0 246
10 245
0 244
-8 243
0 242
8 241
0 240
7 239
0 238
-5 237
0 236
9 235
0 234
3 233
0 232
-10 231
0 230
-6 229
0 228
7 227
0 226
-4 225
0 224
-7 223
0 222
-9 221
0 220
5 219
0 218
-2 217
0 216
3 215
0 214
3 213
0 212
9 211
0 210
-7 209
0 208
-10 207
0 206
0 205
0 204
4 203
0 202
-3 201
0 200
9 199
0 198
1 197
0 196
1 195
0 194
-9 193
0 192
6 191
0 190
5 189
0 188
-6 187
0 186
5 185
0 184
6 183
0 182
-7 181
0 180
8 179
0 178
-1 177
0 176
0 175
0 174
-5 173
0 172
7 171
0 170
2 169
0 168
5 167
0 166
-8 165
0 164
3 163
0 162
6 161
0 160
-10 159
0 158
3 157
0 156
-6 155
0 154
9 153
0 152
0 151
0 150
-7 149
0 148
2 147
0 146
8 145
0 144
-10 143
0 142
0 141
0 140
-5 139
0 138
-9 137
0 136
10 135
0 134
1 133
0 132
-6 131
0 130
-10 129
0 128
-10 127
0 126
4 125
0 124
1 123
0 122
-8 121
0 120
3 119
0 118
-6 117
0 116
-2 115
0 114
-5 113
0 112
8 111
0 110
6 109
0 108
-5 107
0 106
-9 105
0 104
8 103
0 102
7 101
0 100
-6 99
0 98
-1 97
0 96
7 95
0 94
0 93
0 92
-6 91
0 90
3 89
0 88
9 87
0 86
-10 85
0 84
-9 83
0 82
-1 81
0 80
-3 79
0 78
-4 77
0 76
10 75
0 74
-1 73
0 72
-7 71
0 70
3 69
0 68
8 67
0 66
-3 65
0 64
-7 63
0 62
7 61
0 60
2 59
0 58
3 57
0 56
-9 55
0 54
-8 53
0 52
2 51
0 50
4 49
0 48
2 47
0 46
5 45
0 44
-10 43
0 42
10 41
0 40
10 39
0 38
-1 37
0 36
-6 35
0 34
2 33
0 32
1 31
0 30
4 29
0 28
-4 27
0 26
9 25
0 24
-3 23
0 22
6 21
0 20
-10 19
0 18
8 17
0 16
-7 15
0 14
7 13
0 12
-2 11
0 10
-6 9
0 8
-10 7
0 6
10 5
0 4
10 3
0 2
-4 1
5000
0 5000
-7 4999
0 4998
2 4997
0 4996
1 4995
0 4994
7 4993
0 4992
-4 4991
0 4990
2 4989
0 4988
5 4987
0 4986
8 4985
0 4984
10 4983
0 4982
6 4981
0 4980
6 4979
0 4978
5 4977
0 4976
5 4975
0 4974
-4 4973
0 4972
6 4971
0 4970
7 4969
0 4968
0 4967
0 4966
7 4965
0 4964
8 4963
0 4962
7 4961
0 4960
-3 4959
0 4958
-5 4957
0 4956
-2 4955
0 4954
-3 4953
0 4952
3 4951
0 4950
-6 4949
0 4948
0 4947
0 4946
8 4945
0 4944
1 4943
0 4942
-8 4941
0 4940
10 4939
0 4938
-3 4937
0 4936
6 4935
0 4934
-7 4933
0 4932
0 4931
0 4930
2 4929
0 4928
-5 4927
0 4926
-3 4925
0 4924
5 4923
0 4922
2 4921
0 4920
-7 4919
0 4918
1 4917
0 4916
6 4915
0 4914
-1 4913
0 4912
-2 4911
0 4910
0 4909
0 4908
6 4907
0 4906
10 4905
0 4904
-10 4903
0 4902
4 4901
0 4900
10 4899
0 4898
-10 4897
0 4896
-1 4895
0 4894
-10 4893
0 4892
-9 4891
0 4890
-4 4889
0 4888
5 4887
0 4886
8 4885
0 4884
6 4883
0 4882
-8 4881
0 4880
3 4879
0 4878
-4 4877
0 4876
1 4875
0 4874
4 4873
0 4872
-4 4871
0 4870
2 4869
0 4868
4 4867
0 4866
5 4865
0 4864
3 4863
0 4862
2 4861
0 4860
-9 4859
0 4858
-10 4857
0 4856
-1 4855
0 4854
-10 4853
0 4852
-2 4851
0 4850
-3 4849
0 4848
10 4847
0 4846
-4 4845
0 4844
1 4843
0 4842
-10 4841
0 4840
-6 4839
0 4838
5 4837
0 4836
9 4835
0 4834
-6 4833
0 4832
-6 4831
0 4830
-8 4829
0 4828
6 4827
0 4826
1 4825
0 4824
-10 4823
0 4822
7 4821
0 4820
1 4819
0 4818
-8 4817
0 4816
5 4815
0 4814
-9 4813
0 4812
0 4811
0 4810
7 4809
0 4808
3 4807
0 4806
7 4805
0 4804
-8 4803
0 4802
9 4801
0 4800
-8 4799
0 4798
-7 4797
0 4796
10 4795
0 4794
-1 4793
0 4792
8 4791
0 4790
1 4789
0 4788
7 4787
0 4786
4 4785
0 4784
-4 4783
0 4782
9 4781
0 4780
-7 4779
0 4778
1 4777
0 4776
1 4775
0 4774
-4 4773
0 4772
7 4771
0 4770
-4 4769
0 4768
-4 4767
0 4766
-6 4765
0 4764
7 4763
0 4762
-9 4761
0 4760
1 4759
0 4758
7 4757
0 4756
-1 4755
0 4754
5 4753
0 4752
8 4751
0 4750
-2 4749
0 4748
6 4747
0 4746
0 4745
0 4744
-9 4743
0 4742
-5 4741
0 4740
10 4739
0 4738
-8 4737
0 4736
-6 4735
0 4734
10 4733
0 4732
8 4731
0 4730
-8 4729
0 4728
0 4727
0 4726
-8 4725
0 4724
3 4723
0 4722
10 4721
0 4720
-7 4719
0 4718
-3 4717
0 4716
1 4715
0 4714
2 4713
0 4712
8 4711
0 4710
-5 4709
0 4708
-6 4707
0 4706
10 4705
0 4704
-6 4703
0 4702
-1 4701
0 4700
-5 4699
0 4698
3 4697
0 4696
-8 4695
0 4694
4 4693
0 4692
-8 4691
0 4690
7 4689
0 4688
-6 4687
0 4686
7 4685
0 4684
-8 4683
0 4682
-6 4681
0 4680
-2 4679
0 4678
1 4677
0 4676
8 4675
0 4674
-4 4673
0 4672
2 4671
0 4670
-5 4669
0 4668
-6 4667
0 4666
7 4665
0 4664
-10 4663
0 4662
-1 4661
0 4660
-8 4659
0 4658
-6 4657
0 4656
4 4655
0 4654
-8 4653
0 4652
-9 4651
0 4650
4 4649
0 4648
-1 4647
0 4646
9 4645
0 4644
-3 4643
0 4642
7 4641
0 4640
6 4639
0 4638
-8 4637
0 4636
-7 4635
0 4634
8 4633
0 4632
6 4631
0 4630
0 4629
0 4628
6 4627
0 4626
-3 4625
0 4624
-5 4623
0 4622
9 4621
0 4620
-10 4619
0 4618
-1 4617
0 4616
4 4615
0 4614
-9 4613
0 4612
7 4611
0 4610
0 4609
0 4608
-4 4607
0 4606
-7 4605
0 4604
-9 4603
0 4602
8 4601
0 4600
-5 4599
0 4598
1 4597
0 4596
3 4595
0 4594
-5 4593
0 4592
7 4591
0 4590
-6 4589
0 4588
-4 4587
0 4586
7 4585
0 4584
8 4583
0 4582
0 4581
0 4580
-5 4579
0 4578
-2 4577
0 4576
-7 4575
0 4574
10 4573
0 4572
9 4571
0 4570
-3 4569
0 4568
5 4567
0 4566
4 4565
0 4564
-2 4563
0 4562
-1 4561
0 4560
9 4559
0 4558
-4 4557
0 4556
1 4555
0 4554
1 4553
0 4552
-8 4551
0 4550
-9 4549
0 4548
-8 4547
0 4546
8 4545
0 4544
-2 4543
0 4542
3 4541
0 4540
-7 4539
0 4538
0 4537
0 4536
1 4535
0 4534
-1 4533
0 4532
-4 4531
0 4530
1 4529
0 4528
3 4527
0 4526
-7 4525
0 4524
-6 4523
0 4522
2 4521
0 4520
9 4519
0 4518
-10 4517
0 4516
-2 4515
0 4514
-3 4513
0 4512
-6 4511
0 4510
-2 4509
0 4508
10 4507
0 4506
7 4505
0 4504
-4 4503
0 4502
5 4501
0 4500
-7 4499
0 4498
0 4497
0 4496
1 4495
0 4494
-10 4493
0 4492
-7 4491
0 4490
9 4489
0 4488
0 4487
0 4486
-7 4485
0 4484
6 4483
0 4482
5 4481
0 4480
-9 4479
0 4478
-5 4477
0 4476
6 4475
0 4474
3 4473
0 4472
-9 4471
0 4470
8 4469
0 4468
5 4467
0 4466
-4 4465
0 4464
-6 4463
0 4462
4 4461
0 4460
9 4459
0 4458
-8 4457
0 4456
-6 4455
0 4454
-2 4453
0 4452
2 4451
0 4450
-9 4449
0 4448
-1 4447
0 4446
2 4445
0 4444
8 4443
0 4442
-7 4441
0 4440
-9 4439
0 4438
6 4437
0 4436
7 4435
0 4434
-9 4433
0 4432
-2 4431
0 4430
9 4429
0 4428
0 4427
0 4426
4 4425
0 4424
0 4423
0 4422
1 4421
0 4420
-4 4419
0 4418
-10 4417
0 4416
-8 4415
0 4414
-4 4413
0 4412
10 4411
0 4410
2 4409
0 4408
-2 4407
0 4406
-6 4405
0 4404
6 4403
0 4402
-2 4401
0 4400
2 4399
0 4398
-10 4397
0 4396
-3 4395
0 4394
-3 4393
0 4392
8 4391
0 4390
-9 4389
0 4388
-2 4387
0 4386
-2 4385
0 4384
3 4383
0 4382
8 4381
0 4380
-9 4379
0 4378
-1 4377
0 4376
2 4375
0 4374
-5 4373
0 4372
-4 4371
0 4370
10 4369
0 4368
9 4367
0 4366
4 4365
0 4364
-6 4363
0 4362
-7 4361
0 4360
-2 4359
0 4358
4 4357
0 4356
2 4355
0 4354
9 4353
0 4352
-1 4351
0 4350
10 4349
0 4348
-3 4347
0 4346
-7 4345
0 4344
3 4343
0 4342
8 4341
0 4340
-10 4339
0 4338
7 4337
0 4336
-10 4335
0 4334
7 4333
0 4332
10 4331
0 4330
-6 4329
0 4328
-2 4327
0 4326
-7 4325
0 4324
6 4323
0 4322
1 4321
0 4320
-4 4319
0 4318
4 4317
0 4316
9 4315
0 4314
7 4313
0 4312
5 4311
0 4310
-1 4309
0 4308
-5 4307
0 4306
-7 4305
0 4304
8 4303
0 4302
-5 4301
0 4300
3 4299
0 4298
-3 4297
0 4296
8 4295
0 4294
4 4293
0 4292
0 4291
0 4290
-4 4289
0 4288
-7 4287
0 4286
-4 4285
0 4284
6 4283
0 4282
-1 4281
0 4280
2 4279
0 4278
3 4277
0 4276
-5 4275
0 4274
-5 4273
0 4272
4 4271
0 4270
-8 4269
0 4268
8 4267
0 4266
-1 4265
0 4264
-7 4263
0 4262
7 4261
0 4260
-10 4259
0 4258
-8 4257
0 4256
-2 4255
0 4254
8 4253
0 4252
1 4251
0 4250
6 4249
0 4248
2 4247
0 4246
-10 4245
0 4244
8 4243
0 4242
-5 4241
0 4240
7 4239
0 4238
-10 4237
0 4236
-2 4235
0 4234
-3 4233
0 4232
-10 4231
0 4230
2 4229
0 4228
0 4227
0 4226
6 4225
0 4224
6 4223
0 4222
8 4221
0 4220
-5 4219
0 4218
-9 4217
0 4216
10 4215
0 4214
1 4213
0 4212
3 4211
0 4210
-5 4209
0 4208
2 4207
0 4206
9 4205
0 4204
1 4203
0 4202
9 4201
0 4200
-5 4199
0 4198
-4 4197
0 4196
3 4195
0 4194
5 4193
0 4192
-1 4191
0 4190
8 4189
0 4188
10 4187
0 4186
-3 4185
0 4184
8 4183
0 4182
2 4181
0 4180
6 4179
0 4178
-8 4177
0 4176
2 4175
0 4174
3 4173
0 4172
-5 4171
0 4170
-3 4169
0 4168
4 4167
0 4166
7 4165
0 4164
-3 4163
0 4162
-2 4161
0 4160
-2 4159
0 4158
9 4157
0 4156
-1 4155
0 4154
-10 4153
0 4152
-10 4151
0 4150
4 4149
0 4148
4 4147
0 4146
-5 4145
0 4144
4 4143
0 4142
-1 4141
0 4140
8 4139
0 4138
6 4137
0 4136
-8 4135
0 4134
-9 4133
0 4132
0 4131
0 4130
-9 4129
0 4128
8 4127
0 4126
6 4125
0 4124
-5 4123
0 4122
1 4121
0 4120
9 4119
0 4118
-10 4117
0 4116
-2 4115
0 4114
3 4113
0 4112
-7 4111
0 4110
0 4109
0 4108
-4 4107
0 4106
-10 4105
0 4104
10 4103
0 4102
9 4101
0 4100
2 4099
0 4098
-4 4097
0 4096
-7 4095
0 4094
0 4093
0 4092
4 4091
0 4090
-6 4089
0 4088
10 4087
0 4086
1 4085
0 4084
-4 4083
0 4082
0 4081
0 4080
-3 4079
0 4078
7 4077
0 4076
-2 4075
0 4074
6 4073
0 4072
-2 4071
0 4070
-9 4069
0 4068
-1 4067
0 4066
-6 4065
0 4064
-9 4063
0 4062
5 4061
0 4060
4 4059
0 4058
2 4057
0 4056
-4 4055
0 4054
0 4053
0 4052
10 4051
0 4050
4 4049
0 4048
-8 4047
0 4046
8 4045
0 4044
7 4043
0 4042
5 4041
0 4040
-1 4039
0 4038
9 4037
0 4036
6 4035
0 4034
6 4033
0 4032
3 4031
0 4030
-4 4029
0 4028
-3 4027
0 4026
-4 4025
0 4024
-1 4023
0 4022
9 4021
0 4020
5 4019
0 4018
1 4017
0 4016
-4 4015
0 4014
5 4013
0 4012
4 4011
0 4010
-2 4009
0 4008
1 4007
0 4006
-3 4005
0 4004
8 4003
0 4002
-3 4001
0 4000
-1 3999
0 3998
3 3997
0 3996
0 3995
0 3994
4 3993
0 3992
10 3991
0 3990
8 3989
0 3988
0 3987
0 3986
-8 3985
0 3984
1 3983
0 3982
-8 3981
0 3980
8 3979
0 3978
-4 3977
0 3976
7 3975
0 3974
10 3973
0 3972
-2 3971
0 3970
8 3969
0 3968
3 3967
0 3966
8 3965
0 3964
6 3963
0 3962
6 3961
0 3960
-10 3959
0 3958
1 3957
0 3956
-6 3955
0 3954
-1 3953
0 3952
-6 3951
0 3950
1 3949
0 3948
-9 3947
0 3946
-9 3945
0 3944
4 3943
0 3942
-10 3941
0 3940
10 3939
0 3938
7 3937
0 3936
6 3935
0 3934
10 3933
0 3932
-5 3931
0 3930
8 3929
0 3928
4 3927
0 3926
6 3925
0 3924
-8 3923
0 3922
5 3921
0 3920
8 3919
0 3918
5 3917
0 3916
-4 3915
0 3914
3 3913
0 3912
-9 3911
0 3910
7 3909
0 3908
-3 3907
0 3906
10 3905
0 3904
6 3903
0 3902
-4 3901
0 3900
9 3899
0 3898
2 3897
0 3896
9 3895
0 3894
-2 3893
0 3892
6 3891
0 3890
10 3889
0 3888
-3 3887
0 3886
4 3885
0 3884
-8 3883
0 3882
6 3881
0 3880
-8 3879
0 3878
5 3877
0 3876
4 3875
0 3874
-8 3873
0 3872
-7 3871
0 3870
8 3869
0 3868
9 3867
0 3866
-5 3865
0 3864
7 3863
0 3862
4 3861
0 3860
-5 3859
0 3858
-10 3857
0 3856
10 3855
0 3854
3 3853
0 3852
5 3851
0 3850
-1 3849
0 3848
8 3847
0 3846
-8 3845
0 3844
4 3843
0 3842
1 3841
0 3840
-2 3839
0 3838
-6 3837
0 3836
-4 3835
0 3834
10 3833
0 3832
-5 3831
0 3830
-9 3829
0 3828
3 3827
0 3826
-4 3825
0 3824
1 3823
0 3822
-8 3821
0 3820
5 3819
0 3818
-10 3817
0 3816
10 3815
0 3814
10 3813
0 3812
-7 3811
0 3810
-6 3809
0 3808
10 3807
0 3806
2 3805
0 3804
-5 3803
0 3802
-10 3801
0 3800
1 3799
0 3798
1 3797
0 3796
8 3795
0 3794
7 3793
0 3792
3 3791
0 3790
-3 3789
0 3788
5 3787
0 3786
6 3785
0 3784
-8 3783
0 3782
6 3781
0 3780
-5 3779
0 3778
3 3777
0 3776
2 3775
0 3774
-10 3773
0 3772
10 3771
0 3770
-2 3769
0 3768
-2 3767
0 3766
8 3765
0 3764
1 3763
0 3762
8 3761
0 3760
2 3759
0 3758
10 3757
0 3756
6 3755
0 3754
6 3753
0 3752
9 3751
0 3750
5 3749
0 3748
-4 3747
0 3746
-7 3745
0 3744
-4 3743
0 3742
-6 3741
0 3740
-7 3739
0 3738
6 3737
0 3736
-4 3735
0 3734
8 3733
0 3732
-10 3731
0 3730
-7 3729
0 3728
0 3727
0 3726
8 3725
0 3724
-1 3723
0 3722
9 3721
0 3720
0 3719
0 3718
2 3717
0 3716
4 3715
0 3714
3 3713
0 3712
4 3711
0 3710
-9 3709
0 3708
1 3707
0 3706
-9 3705
0 3704
3 3703
0 3702
2 3701
0 3700
0 3699
0 3698
3 3697
0 3696
4 3695
0 3694
-4 3693
0 3692
0 3691
0 3690
-8 3689
0 3688
-10 3687
0 3686
7 3685
0 3684
7 3683
0 3682
-5 3681
0 3680
7 3679
0 3678
-1 3677
0 3676
-3 3675
0 3674
3 3673
0 3672
0 3671
0 3670
-8 3669
0 3668
2 3667
0 3666
1 3665
0 3664
-8 3663
0 3662
-4 3661
0 3660
6 3659
0 3658
5 3657
0 3656
3 3655
0 3654
7 3653
0 3652
-8 3651
0 3650
2 3649
0 3648
9 3647
0 3646
5 3645
0 3644
-3 3643
0 3642
7 3641
0 3640
2 3639
0 3638
0 3637
0 3636
2 3635
0 3634
-7 3633
0 3632
6 3631
0 3630
2 3629
0 3628
1 3627
0 3626
9 3625
0 3624
4 3623
0 3622
5 3621
0 3620
-6 3619
0 3618
4 3617
0 3616
-2 3615
0 3614
-10 3613
0 3612
9 3611
0 3610
6 3609
0 3608
2 3607
0 3606
3 3605
0 3604
-7 3603
0 3602
4 3601
0 3600
-5 3599
0 3598
6 3597
0 3596
-9 3595
0 3594
-5 3593
0 3592
-7 3591
0 3590
-6 3589
0 3588
0 3587
0 3586
-6 3585
0 3584
5 3583
0 3582
-1 3581
0 3580
2 3579
0 3578
7 3577
0 3576
8 3575
0 3574
10 3573
0 3572
6 3571
0 3570
-4 3569
0 3568
-2 3567
0 3566
-6 3565
0 3564
0 3563
0 3562
-10 3561
0 3560
-3 3559
0 3558
-1 3557
0 3556
8 3555
0 3554
0 3553
0 3552
4 3551
0 3550
3 3549
0 3548
-4 3547
0 3546
-3 3545
0 3544
5 3543
0 3542
2 3541
0 3540
-1 3539
0 3538
-5 3537
0 3536
2 3535
0 3534
-3 3533
0 3532
6 3531
0 3530
6 3529
0 3528
4 3527
0 3526
6 3525
0 3524
-7 3523
0 3522
4 3521
0 3520
8 3519
0 3518
2 3517
0 3516
6 3515
0 3514
4 3513
0 3512
-5 3511
0 3510
4 3509
0 3508
-3 3507
0 3506
-6 3505
0 3504
-2 3503
0 3502
-2 3501
0 3500
5 3499
0 3498
8 3497
0 3496
-7 3495
0 3494
2 3493
0 3492
0 3491
0 3490
6 3489
0 3488
4 3487
0 3486
-3 3485
0 3484
8 3483
0 3482
-9 3481
0 3480
9 3479
0 3478
7 3477
0 3476
7 3475
0 3474
5 3473
0 3472
5 3471
0 3470
8 3469
0 3468
5 3467
0 3466
10 3465
0 3464
-6 3463
0 3462
8 3461
0 3460
-10 3459
0 3458
9 3457
0 3456
-7 3455
0 3454
2 3453
0 3452
7 3451
0 3450
7 3449
0 3448
-8 3447
0 3446
-8 3445
0 3444
-3 3443
0 3442
1 3441
0 3440
-4 3439
0 3438
-2 3437
0 3436
8 3435
0 3434
7 3433
0 3432
-2 3431
0 3430
-7 3429
0 3428
-1 3427
0 3426
9 3425
0 3424
-7 3423
0 3422
-4 3421
0 3420
-5 3419
0 3418
4 3417
0 3416
-4 3415
0 3414
-8 3413
0 3412
8 3411
0 3410
5 3409
0 3408
-2 3407
0 3406
5 3405
0 3404
7 3403
0 3402
-9 3401
0 3400
-6 3399
0 3398
-5 3397
0 3396
-3 3395
0 3394
-5 3393
0 3392
-2 3391
0 3390
6 3389
0 3388
7 3387
0 3386
-1 3385
0 3384
10 3383
0 3382
8 3381
0 3380
-1 3379
0 3378
3 3377
0 3376
5 3375
0 3374
2 3373
0 3372
-2 3371
0 3370
-5 3369
0 3368
6 3367
0 3366
-2 3365
0 3364
-3 3363
0 3362
4 3361
0 3360
-5 3359
0 3358
-5 3357
0 3356
-9 3355
0 3354
-1 3353
0 3352
-10 3351
0 3350
1 3349
0 3348
-3 3347
0 3346
1 3345
0 3344
-8 3343
0 3342
6 3341
0 3340
-1 3339
0 3338
4 3337
0 3336
1 3335
0 3334
-4 3333
0 3332
3 3331
0 3330
0 3329
0 3328
1 3327
0 3326
-9 3325
0 3324
8 3323
0 3322
10 3321
0 3320
10 3319
0 3318
-1 3317
0 3316
6 3315
0 3314
-4 3313
0 3312
-8 3311
0 3310
1 3309
0 3308
-6 3307
0 3306
-5 3305
0 3304
5 3303
0 3302
-10 3301
0 3300
-8 3299
0 3298
10 3297
0 3296
0 3295
0 3294
2 3293
0 3292
8 3291
0 3290
9 3289
0 3288
-3 3287
0 3286
10 3285
0 3284
6 3283
0 3282
4 3281
0 3280
-5 3279
0 3278
-7 3277
0 3276
2 3275
0 3274
4 3273
0 3272
-3 3271
0 3270
-8 3269
0 3268
-8 3267
0 3266
1 3265
0 3264
0 3263
0 3262
-7 3261
0 3260
-7 3259
0 3258
8 3257
0 3256
-10 3255
0 3254
-7 3253
0 3252
-3 3251
0 3250
-2 3249
0 3248
-1 3247
0 3246
10 3245
0 3244
2 3243
0 3242
-2 3241
0 3240
8 3239
0 3238
10 3237
0 3236
-1 3235
0 3234
-6 3233
0 3232
6 3231
0 3230
7 3229
0 3228
-3 3227
0 3226
-7 3225
0 3224
7 3223
0 3222
10 3221
0 3220
-9 3219
0 3218
1 3217
0 3216
7 3215
0 3214
-9 3213
0 3212
-1 3211
0 3210
5 3209
0 3208
1 3207
0 3206
-1 3205
0 3204
2 3203
0 3202
2 3201
0 3200
4 3199
0 3198
7 3197
0 3196
9 3195
0 3194
0 3193
0 3192
0 3191
0 3190
2 3189
0 3188
-3 3187
0 3186
3 3185
0 3184
-7 3183
0 3182
-7 3181
0 3180
6 3179
0 3178
5 3177
0 3176
0 3175
0 3174
4 3173
0 3172
-9 3171
0 3170
4 3169
0 3168
-2 3167
0 3166
5 3165
0 3164
2 3163
0 3162
4 3161
0 3160
8 3159
0 3158
3 3157
0 3156
6 3155
0 3154
-4 3153
0 3152
6 3151
0 3150
3 3149
0 3148
10 3147
0 3146
-6 3145
0 3144
-2 3143
0 3142
-1 3141
0 3140
8 3139
0 3138
-1 3137
0 3136
-7 3135
0 3134
-5 3133
0 3132
-4 3131
0 3130
5 3129
0 3128
-2 3127
0 3126
-2 3125
0 3124
8 3123
0 3122
6 3121
0 3120
-2 3119
0 3118
6 3117
0 3116
6 3115
0 3114
10 3113
0 3112
-7 3111
0 3110
-9 3109
0 3108
3 3107
0 3106
6 3105
0 3104
10 3103
0 3102
-1 3101
0 3100
-6 3099
0 3098
-3 3097
0 3096
-8 3095
0 3094
9 3093
0 3092
-7 3091
0 3090
-2 3089
0 3088
-10 3087
0 3086
4 3085
0 3084
-9 3083
0 3082
7 3081
0 3080
-4 3079
0 3078
-8 3077
0 3076
10 3075
0 3074
10 3073
0 3072
-10 3071
0 3070
1 3069
0 3068
8 3067
0 3066
0 3065
0 3064
6 3063
0 3062
-10 3061
0 3060
-10 3059
0 3058
10 3057
0 3056
0 3055
0 3054
-10 3053
0 3052
3 3051
0 3050
9 3049
0 3048
-1 3047
0 3046
-5 3045
0 3044
-6 3043
0 3042
2 3041
0 3040
-9 3039
0 3038
4 3037
0 3036
-4 3035
0 3034
-1 3033
0 3032
4 3031
0 3030
8 3029
0 3028
-6 3027
0 3026
-6 3025
0 3024
-5 3023
0 3022
-1 3021
0 3020
7 3019
0 3018
0 3017
0 3016
-10 3015
0 3014
-4 3013
0 3012
-2 3011
0 3010
-10 3009
0 3008
-9 3007
0 3006
-1 3005
0 3004
10 3003
0 3002
2 3001
0 3000
-1 2999
0 2998
-5 2997
0 2996
-6 2995
0 2994
6 2993
0 2992
-6 2991
0 2990
3 2989
0 2988
9 2987
0 2986
-5 2985
0 2984
-7 2983
0 2982
8 2981
0 2980
-10 2979
0 2978
-5 2977
0 2976
9 2975
0 2974
6 2973
0 2972
1 2971
0 2970
-1 2969
0 2968
-8 2967
0 2966
-7 2965
0 2964
8 2963
0 2962
-1 2961
0 2960
-6 2959
0 2958
-2 2957
0 2956
0 2955
0 2954
10 2953
0 2952
-4 2951
0 2950
-9 2949
0 2948
4 2947
0 2946
-5 2945
0 2944
3 2943
0 2942
9 2941
0 2940
8 2939
0 2938
-4 2937
0 2936
-6 2935
0 2934
3 2933
0 2932
5 2931
0 2930
4 2929
0 2928
-10 2927
0 2926
-6 2925
0 2924
6 2923
0 2922
10 2921
0 2920
-1 2919
0 2918
-9 2917
0 2916
4 2915
0 2914
1 2913
0 2912
1 2911
0 2910
6 2909
0 2908
7 2907
0 2906
1 2905
0 2904
-6 2903
0 2902
9 2901
0 2900
5 2899
0 2898
-5 2897
0 2896
-6 2895
0 2894
8 2893
0 2892
5 2891
0 2890
-7 2889
0 2888
4 2887
0 2886
5 2885
0 2884
4 2883
0 2882
7 2881
0 2880
1 2879
0 2878
-1 2877
0 2876
-8 2875
0 2874
6 2873
0 2872
-3 2871
0 2870
1 2869
0 2868
-6 2867
0 2866
-10 2865
0 2864
-6 2863
0 2862
10 2861
0 2860
1 2859
0 2858
8 2857
0 2856
8 2855
0 2854
-1 2853
0 2852
-3 2851
0 2850
-8 2849
0 2848
-4 2847
0 2846
-5 2845
0 2844
-8 2843
0 2842
-10 2841
0 2840
-5 2839
0 2838
-7 2837
0 2836
-4 2835
0 2834
4 2833
0 2832
-1 2831
0 2830
-3 2829
0 2828
5 2827
0 2826
6 2825
0 2824
4 2823
0 2822
2 2821
0 2820
0 2819
0 2818
1 2817
0 2816
1 2815
0 2814
7 2813
0 2812
1 2811
0 2810
5 2809
0 2808
6 2807
0 2806
-6 2805
0 2804
-10 2803
0 2802
-2 2801
0 2800
-5 2799
0 2798
7 2797
0 2796
-9 2795
0 2794
8 2793
0 2792
9 2791
0 2790
9 2789
0 2788
5 2787
0 2786
-7 2785
0 2784
-4 2783
0 2782
3 2781
0 2780
-8 2779
0 2778
8 2777
0 2776
2 2775
0 2774
-3 2773
0 2772
-5 2771
0 2770
1 2769
0 2768
1 2767
0 2766
-2 2765
0 2764
-8 2763
0 2762
-4 2761
0 2760
2 2759
0 2758
2 2757
0 2756
-7 2755
0 2754
0 2753
0 2752
2 2751
0 2750
-4 2749
0 2748
10 2747
0 2746
-1 2745
0 2744
1 2743
0 2742
6 2741
0 2740
5 2739
0 2738
-1 2737
0 2736
-7 2735
0 2734
10 2733
0 2732
-5 2731
0 2730
1 2729
0 2728
-9 2727
0 2726
4 2725
0 2724
6 2723
0 2722
1 2721
0 2720
7 2719
0 2718
2 2717
0 2716
-7 2715
0 2714
1 2713
0 2712
0 2711
0 2710
7 2709
0 2708
8 2707
0 2706
-2 2705
0 2704
9 2703
0 2702
-5 2701
0 2700
10 2699
0 2698
-9 2697
0 2696
-1 2695
0 2694
-8 2693
0 2692
-5 2691
0 2690
-7 2689
0 2688
1 2687
0 2686
-10 2685
0 2684
-4 2683
0 2682
3 2681
0 2680
9 2679
0 2678
5 2677
0 2676
-7 2675
0 2674
-4 2673
0 2672
-10 2671
0 2670
-2 2669
0 2668
1 2667
0 2666
5 2665
0 2664
6 2663
0 2662
5 2661
0 2660
6 2659
0 2658
-3 2657
0 2656
7 2655
0 2654
-5 2653
0 2652
-6 2651
0 2650
-4 2649
0 2648
-1 2647
0 2646
7 2645
0 2644
6 2643
0 2642
0 2641
0 2640
-3 2639
0 2638
7 2637
0 2636
-5 2635
0 2634
2 2633
0 2632
9 2631
0 2630
7 2629
0 2628
2 2627
0 2626
1 2625
0 2624
7 2623
0 2622
10 2621
0 2620
9 2619
0 2618
5 2617
0 2616
1 2615
0 2614
9 2613
0 2612
2 2611
0 2610
-3 2609
0 2608
-6 2607
0 2606
3 2605
0 2604
9 2603
0 2602
6 2601
0 2600
4 2599
0 2598
2 2597
0 2596
6 2595
0 2594
10 2593
0 2592
0 2591
0 2590
1 2589
0 2588
6 2587
0 2586
-7 2585
0 2584
8 2583
0 2582
9 2581
0 2580
10 2579
0 2578
-10 2577
0 2576
0 2575
0 2574
-9 2573
0 2572
-5 2571
0 2570
-8 2569
0 2568
7 2567
0 2566
-1 2565
0 2564
4 2563
0 2562
0 2561
0 2560
4 2559
0 2558
1 2557
0 2556
-6 2555
0 2554
8 2553
0 2552
4 2551
0 2550
-4 2549
0 2548
-7 2547
0 2546
3 2545
0 2544
7 2543
0 2542
-5 2541
0 2540
8 2539
0 2538
7 2537
0 2536
6 2535
0 2534
2 2533
0 2532
8 2531
0 2530
-5 2529
0 2528
-5 2527
0 2526
2 2525
0 2524
0 2523
0 2522
7 2521
0 2520
10 2519
0 2518
-8 2517
0 2516
-5 2515
0 2514
6 2513
0 2512
-8 2511
0 2510
10 2509
0 2508
-5 2507
0 2506
7 2505
0 2504
10 2503
0 2502
10 2501
0 2500
-9 2499
0 2498
-10 2497
0 2496
-3 2495
0 2494
-1 2493
0 2492
9 2491
0 2490
-1 2489
0 2488
4 2487
0 2486
1 2485
0 2484
10 2483
0 2482
-8 2481
0 2480
-7 2479
0 2478
4 2477
0 2476
5 2475
0 2474
-2 2473
0 2472
-4 2471
0 2470
6 2469
0 2468
4 2467
0 2466
-5 2465
0 2464
-4 2463
0 2462
7 2461
0 2460
1 2459
0 2458
-8 2457
0 2456
4 2455
0 2454
-4 2453
0 2452
2 2451
0 2450
9 2449
0 2448
1 2447
0 2446
5 2445
0 2444
-8 2443
0 2442
-4 2441
0 2440
1 2439
0 2438
8 2437
0 2436
-1 2435
0 2434
-7 2433
0 2432
-1 2431
0 2430
9 2429
0 2428
3 2427
0 2426
6 2425
0 2424
-8 2423
0 2422
-8 2421
0 2420
0 2419
0 2418
-5 2417
0 2416
-4 2415
0 2414
-3 2413
0 2412
-9 2411
0 2410
-10 2409
0 2408
-2 2407
0 2406
10 2405
0 2404
-3 2403
0 2402
3 2401
0 2400
3 2399
0 2398
1 2397
0 2396
5 2395
0 2394
3 2393
0 2392
-6 2391
0 2390
-6 2389
0 2388
5 2387
0 2386
-5 2385
0 2384
-1 2383
0 2382
-3 2381
0 2380
-9 2379
0 2378
8 2377
0 2376
-8 2375
0 2374
-2 2373
0 2372
-4 2371
0 2370
8 2369
0 2368
4 2367
0 2366
-8 2365
0 2364
6 2363
0 2362
4 2361
0 2360
9 2359
0 2358
-9 2357
0 2356
5 2355
0 2354
2 2353
0 2352
-3 2351
0 2350
-10 2349
0 2348
-10 2347
0 2346
8 2345
0 2344
1 2343
0 2342
-6 2341
0 2340
-1 2339
0 2338
8 2337
0 2336
-1 2335
0 2334
-3 2333
0 2332
-6 2331
0 2330
-1 2329
0 2328
3 2327
0 2326
-9 2325
0 2324
7 2323
0 2322
10 2321
0 2320
-4 2319
0 2318
0 2317
0 2316
2 2315
0 2314
-5 2313
0 2312
-2 2311
0 2310
6 2309
0 2308
9 2307
0 2306
-10 2305
0 2304
7 2303
0 2302
-2 2301
0 2300
2 2299
0 2298
-2 2297
0 2296
7 2295
0 2294
-4 2293
0 2292
8 2291
0 2290
-8 2289
0 2288
-7 2287
0 2286
-3 2285
0 2284
-3 2283
0 2282
3 2281
0 2280
0 2279
0 2278
-7 2277
0 2276
10 2275
0 2274
2 2273
0 2272
7 2271
0 2270
-5 2269
0 2268
5 2267
0 2266
-4 2265
0 2264
-4 2263
0 2262
1 2261
0 2260
4 2259
0 2258
3 2257
0 2256
-8 2255
0 2254
-8 2253
0 2252
-8 2251
0 2250
5 2249
0 2248
-3 2247
0 2246
2 2245
0 2244
5 2243
0 2242
-4 2241
0 2240
2 2239
0 2238
-10 2237
0 2236
-4 2235
0 2234
2 2233
0 2232
-5 2231
0 2230
0 2229
0 2228
5 2227
0 2226
0 2225
0 2224
9 2223
0 2222
10 2221
0 2220
8 2219
0 2218
4 2217
0 2216
1 2215
0 2214
7 2213
0 2212
4 2211
0 2210
-10 2209
0 2208
-1 2207
0 2206
6 2205
0 2204
-10 2203
0 2202
-1 2201
0 2200
3 2199
0 2198
-2 2197
0 2196
-2 2195
0 2194
3 2193
0 2192
8 2191
0 2190
-6 2189
0 2188
6 2187
0 2186
-1 2185
0 2184
-10 2183
0 2182
-2 2181
0 2180
-4 2179
0 2178
-5 2177
0 2176
-5 2175
0 2174
9 2173
0 2172
-7 2171
0 2170
-2 2169
0 2168
4 2167
0 2166
-5 2165
0 2164
-9 2163
0 2162
3 2161
0 2160
10 2159
0 2158
6 2157
0 2156
6 2155
0 2154
0 2153
0 2152
-6 2151
0 2150
7 2149
0 2148
-10 2147
0 2146
4 2145
0 2144
1 2143
0 2142
2 2141
0 2140
6 2139
0 2138
7 2137
0 2136
-5 2135
0 2134
1 2133
0 2132
2 2131
0 2130
4 2129
0 2128
2 2127
0 2126
-1 2125
0 2124
4 2123
0 2122
-6 2121
0 2120
-3 2119
0 2118
8 2117
0 2116
-2 2115
0 2114
5 2113
0 2112
4 2111
0 2110
-9 2109
0 2108
-3 2107
0 2106
9 2105
0 2104
10 2103
0 2102
-3 2101
0 2100
6 2099
0 2098
5 2097
0 2096
3 2095
0 2094
-5 2093
0 2092
-4 2091
0 2090
-10 2089
0 2088
-5 2087
0 2086
-5 2085
0 2084
3 2083
0 2082
5 2081
0 2080
7 2079
0 2078
1 2077
0 2076
-9 2075
0 2074
7 2073
0 2072
-6 2071
0 2070
5 2069
0 2068
4 2067
0 2066
7 2065
0 2064
-10 2063
0 2062
-7 2061
0 2060
-7 2059
0 2058
-10 2057
0 2056
6 2055
0 2054
-7 2053
0 2052
-9 2051
0 2050
4 2049
0 2048
-7 2047
0 2046
-8 2045
0 2044
3 2043
0 2042
0 2041
0 2040
10 2039
0 2038
9 2037
0 2036
-6 2035
0 2034
8 2033
0 2032
9 2031
0 2030
-10 2029
0 2028
-5 2027
0 2026
0 2025
0 2024
4 2023
0 2022
-1 2021
0 2020
1 2019
0 2018
-6 2017
0 2016
-3 2015
0 2014
0 2013
0 2012
-7 2011
0 2010
4 2009
0 2008
-5 2007
0 2006
2 2005
0 2004
3 2003
0 2002
-7 2001
0 2000
-1 1999
0 1998
5 1997
0 1996
0 1995
0 1994
-3 1993
0 1992
1 1991
0 1990
-2 1989
0 1988
-10 1987
0 1986
9 1985
0 1984
4 1983
0 1982
-2 1981
0 1980
-5 1979
0 1978
0 1977
0 1976
-10 1975
0 1974
-1 1973
0 1972
-9 1971
0 1970
4 1969
0 1968
9 1967
0 1966
5 1965
0 1964
-5 1963
0 1962
1 1961
0 1960
8 1959
0 1958
-1 1957
0 1956
-10 1955
0 1954
3 1953
0 1952
-6 1951
0 1950
-5 1949
0 1948
9 1947
0 1946
-6 1945
0 1944
-6 1943
0 1942
10 1941
0 1940
-9 1939
0 1938
9 1937
0 1936
2 1935
0 1934
-5 1933
0 1932
-8 1931
0 1930
-5 1929
0 1928
-6 1927
0 1926
5 1925
0 1924
5 1923
0 1922
9 1921
0 1920
3 1919
0 1918
2 1917
0 1916
1 1915
0 1914
-2 1913
0 1912
-1 1911
0 1910
-10 1909
0 1908
10 1907
0 1906
-6 1905
0 1904
9 1903
0 1902
0 1901
0 1900
0 1899
0 1898
1 1897
0 1896
5 1895
0 1894
10 1893
0 1892
-5 1891
0 1890
-2 1889
0 1888
-7 1887
0 1886
-4 1885
0 1884
4 1883
0 1882
6 1881
0 1880
10 1879
0 1878
-9 1877
0 1876
8 1875
0 1874
9 1873
0 1872
0 1871
0 1870
10 1869
0 1868
8 1867
0 1866
-10 1865
0 1864
-5 1863
0 1862
1 1861
0 1860
4 1859
0 1858
3 1857
0 1856
-7 1855
0 1854
3 1853
0 1852
2 1851
0 1850
6 1849
0 1848
10 1847
0 1846
-1 1845
0 1844
-9 1843
0 1842
2 1841
0 1840
-5 1839
0 1838
-9 1837
0 1836
-2 1835
0 1834
1 1833
0 1832
-2 1831
0 1830
-1 1829
0 1828
-10 1827
0 1826
7 1825
0 1824
-4 1823
0 1822
6 1821
0 1820
10 1819
0 1818
3 1817
0 1816
5 1815
0 1814
-1 1813
0 1812
10 1811
0 1810
-5 1809
0 1808
-2 1807
0 1806
5 1805
0 1804
6 1803
0 1802
10 1801
0 1800
3 1799
0 1798
-9 1797
0 1796
4 1795
0 1794
-9 1793
0 1792
-9 1791
0 1790
9 1789
0 1788
-1 1787
0 1786
9 1785
0 1784
-8 1783
0 1782
1 1781
0 1780
1 1779
0 1778
3 1777
0 1776
-3 1775
0 1774
-2 1773
0 1772
-1 1771
0 1770
8 1769
0 1768
-7 1767
0 1766
1 1765
0 1764
1 1763
0 1762
-9 1761
0 1760
-10 1759
0 1758
-10 1757
0 1756
4 1755
0 1754
-7 1753
0 1752
1 1751
0 1750
-2 1749
0 1748
7 1747
0 1746
-7 1745
0 1744
-8 1743
0 1742
8 1741
0 1740
3 1739
0 1738
1 1737
0 1736
-1 1735
0 1734
6 1733
0 1732
-7 1731
0 1730
4 1729
0 1728
8 1727
0 1726
-8 1725
0 1724
6 1723
0 1722
1 1721
0 1720
3 1719
0 1718
-6 1717
0 1716
-10 1715
0 1714
6 1713
0 1712
-10 1711
0 1710
-10 1709
0 1708
1 1707
0 1706
-9 1705
0 1704
-4 1703
0 1702
6 1701
0 1700
9 1699
0 1698
0 1697
0 1696
6 1695
0 1694
-2 1693
0 1692
2 1691
0 1690
-2 1689
0 1688
5 1687
0 1686
0 1685
0 1684
5 1683
0 1682
3 1681
0 1680
-5 1679
0 1678
7 1677
0 1676
3 1675
0 1674
3 1673
0 1672
-4 1671
0 1670
1 1669
0 1668
8 1667
0 1666
-10 1665
0 1664
8 1663
0 1662
-4 1661
0 1660
7 1659
0 1658
1 1657
0 1656
-1 1655
0 1654
-5 1653
0 1652
-9 1651
0 1650
10 1649
0 1648
-7 1647
0 1646
-5 1645
0 1644
-7 1643
0 1642
-3 1641
0 1640
0 1639
0 1638
-6 1637
0 1636
-9 1635
0 1634
-5 1633
0 1632
8 1631
0 1630
8 1629
0 1628
6 1627
0 1626
4 1625
0 1624
-3 1623
0 1622
3 1621
0 1620
10 1619
0 1618
-6 1617
0 1616
-2 1615
0 1614
4 1613
0 1612
9 1611
0 1610
0 1609
0 1608
4 1607
0 1606
-1 1605
0 1604
8 1603
0 1602
0 1601
0 1600
4 1599
0 1598
0 1597
0 1596
2 1595
0 1594
1 1593
0 1592
6 1591
0 1590
7 1589
0 1588
-8 1587
0 1586
-7 1585
0 1584
10 1583
0 1582
8 1581
0 1580
-2 1579
0 1578
-9 1577
0 1576
1 1575
0 1574
7 1573
0 1572
-3 1571
0 1570
4 1569
0 1568
5 1567
0 1566
-4 1565
0 1564
5 1563
0 1562
7 1561
0 1560
-5 1559
0 1558
5 1557
0 1556
5 1555
0 1554
7 1553
0 1552
-4 1551
0 1550
7 1549
0 1548
10 1547
0 1546
-6 1545
0 1544
-1 1543
0 1542
7 1541
0 1540
5 1539
0 1538
4 1537
0 1536
-8 1535
0 1534
-8 1533
0 1532
3 1531
0 1530
8 1529
0 1528
-10 1527
0 1526
0 1525
0 1524
6 1523
0 1522
7 1521
0 1520
6 1519
0 1518
-4 1517
0 1516
6 1515
0 1514
-5 1513
0 1512
0 1511
0 1510
9 1509
0 1508
8 1507
0 1506
0 1505
0 1504
9 1503
0 1502
2 1501
0 1500
-8 1499
0 1498
7 1497
0 1496
-6 1495
0 1494
1 1493
0 1492
6 1491
0 1490
-4 1489
0 1488
4 1487
0 1486
-9 1485
0 1484
2 1483
0 1482
1 1481
0 1480
5 1479
0 1478
-8 1477
0 1476
-6 1475
0 1474
2 1473
0 1472
6 1471
0 1470
9 1469
0 1468
-8 1467
0 1466
-3 1465
0 1464
-7 1463
0 1462
-8 1461
0 1460
6 1459
0 1458
-8 1457
0 1456
-4 1455
0 1454
-3 1453
0 1452
4 1451
0 1450
-7 1449
0 1448
-4 1447
0 1446
-6 1445
0 1444
2 1443
0 1442
4 1441
0 1440
8 1439
0 1438
-3 1437
0 1436
-3 1435
0 1434
-5 1433
0 1432
2 1431
0 1430
-7 1429
0 1428
5 1427
0 1426
5 1425
0 1424
3 1423
0 1422
8 1421
0 1420
-1 1419
0 1418
-8 1417
0 1416
-8 1415
0 1414
7 1413
0 1412
7 1411
0 1410
9 1409
0 1408
-5 1407
0 1406
-6 1405
0 1404
-5 1403
0 1402
0 1401
0 1400
-3 1399
0 1398
-6 1397
0 1396
9 1395
0 1394
4 1393
0 1392
7 1391
0 1390
1 1389
0 1388
-1 1387
0 1386
4 1385
0 1384
6 1383
0 1382
-9 1381
0 1380
-9 1379
0 1378
3 1377
0 1376
1 1375
0 1374
-9 1373
0 1372
-9 1371
0 1370
-4 1369
0 1368
-7 1367
0 1366
-8 1365
0 1364
9 1363
0 1362
4 1361
0 1360
-2 1359
0 1358
4 1357
0 1356
2 1355
0 1354
7 1353
0 1352
-8 1351
0 1350
3 1349
0 1348
1 1347
0 1346
2 1345
0 1344
-4 1343
0 1342
8 1341
0 1340
9 1339
0 1338
8 1337
0 1336
-3 1335
0 1334
-3 1333
0 1332
3 1331
0 1330
8 1329
0 1328
10 1327
0 1326
1 1325
0 1324
-7 1323
0 1322
-10 1321
0 1320
8 1319
0 1318
-1 1317
0 1316
-4 1315
0 1314
-6 1313
0 1312
8 1311
0 1310
6 1309
0 1308
-6 1307
0 1306
-8 1305
0 1304
-1 1303
0 1302
8 1301
0 1300
-1 1299
0 1298
-7 1297
0 1296
-1 1295
0 1294
-3 1293
0 1292
4 1291
0 1290
-6 1289
0 1288
8 1287
0 1286
-2 1285
0 1284
6 1283
0 1282
7 1281
0 1280
3 1279
0 1278
9 1277
0 1276
7 1275
0 1274
-1 1273
0 1272
-9 1271
0 1270
-7 1269
0 1268
1 1267
0 1266
8 1265
0 1264
-2 1263
0 1262
-5 1261
0 1260
5 1259
0 1258
5 1257
0 1256
3 1255
0 1254
6 1253
0 1252
8 1251
0 1250
9 1249
0 1248
10 1247
0 1246
4 1245
0 1244
-8 1243
0 1242
-5 1241
0 1240
-4 1239
0 1238
6 1237
0 1236
-1 1235
0 1234
4 1233
0 1232
-7 1231
0 1230
3 1229
0 1228
10 1227
0 1226
-9 1225
0 1224
-7 1223
0 1222
3 1221
0 1220
-4 1219
0 1218
-9 1217
0 1216
-2 1215
0 1214
-6 1213
0 1212
-10 1211
0 1210
1 1209
0 1208
-10 1207
0 1206
-6 1205
0 1204
-2 1203
0 1202
-7 1201
0 1200
8 1199
0 1198
-9 1197
0 1196
7 1195
0 1194
1 1193
0 1192
-8 1191
0 1190
2 1189
0 1188
-8 1187
0 1186
7 1185
0 1184
7 1183
0 1182
0 1181
0 1180
9 1179
0 1178
1 1177
0 1176
5 1175
0 1174
9 1173
0 1172
-6 1171
0 1170
4 1169
0 1168
1 1167
0 1166
-3 1165
0 1164
6 1163
0 1162
4 1161
0 1160
2 1159
0 1158
5 1157
0 1156
-3 1155
0 1154
-8 1153
0 1152
-9 1151
0 1150
-9 1149
0 1148
3 1147
0 1146
6 1145
0 1144
-6 1143
0 1142
-3 1141
0 1140
6 1139
0 1138
-1 1137
0 1136
7 1135
0 1134
10 1133
0 1132
5 1131
0 1130
-1 1129
0 1128
-3 1127
0 1126
5 1125
0 1124
-7 1123
0 1122
-10 1121
0 1120
1 1119
0 1118
-9 1117
0 1116
1 1115
0 1114
-9 1113
0 1112
-2 1111
0 1110
10 1109
0 1108
9 1107
0 1106
0 1105
0 1104
2 1103
0 1102
5 1101
0 1100
-10 1099
0 1098
-1 1097
0 1096
1 1095
0 1094
6 1093
0 1092
0 1091
0 1090
-1 1089
0 1088
-4 1087
0 1086
-1 1085
0 1084
3 1083
0 1082
-6 1081
0 1080
-10 1079
0 1078
-5 1077
0 1076
-10 1075
0 1074
0 1073
0 1072
-10 1071
0 1070
5 1069
0 1068
1 1067
0 1066
-6 1065
0 1064
10 1063
0 1062
-10 1061
0 1060
1 1059
0 1058
-4 1057
0 1056
-3 1055
0 1054
-9 1053
0 1052
7 1051
0 1050
-2 1049
0 1048
10 1047
0 1046
-5 1045
0 1044
7 1043
0 1042
-9 1041
0 1040
-9 1039
0 1038
1 1037
0 1036
2 1035
0 1034
-1 1033
0 1032
3 1031
0 1030
9 1029
0 1028
7 1027
0 1026
6 1025
0 1024
2 1023
0 1022
-9 1021
0 1020
-2 1019
0 1018
2 1017
0 1016
7 1015
0 1014
7 1013
0 1012
-10 1011
0 1010
7 1009
0 1008
-2 1007
0 1006
6 1005
0 1004
-6 1003
0 1002
1 1001
0 1000
-9 999
0 998
-5 997
0 996
4 995
0 994
4 993
0 992
-1 991
0 990
6 989
0 988
-6 987
0 986
-6 985
0 984
-5 983
0 982
-1 981
0 980
-4 979
0 978
-2 977
0 976
-1 975
0 974
6 973
0 972
-5 971
0 970
3 969
0 968
-4 967
0 966
8 965
0 964
5 963
0 962
0 961
0 960
5 959
0 958
-8 957
0 956
0 955
0 954
-8 953
0 952
7 951
0 950
-9 949
0 948
9 947
0 946
-5 945
0 944
-6 943
0 942
-8 941
0 940
8 939
0 938
0 937
0 936
3 935
0 934
-1 933
0 932
9 931
0 930
1 929
0 928
7 927
0 926
10 925
0 924
-5 923
0 922
8 921
0 920
-10 919
0 918
2 917
0 916
9 915
0 914
7 913
0 912
6 911
0 910
7 909
0 908
0 907
0 906
-5 905
0 904
9 903
0 902
0 901
0 900
-7 899
0 898
-1 897
0 896
10 895
0 894
-10 893
0 892
8 891
0 890
-1 889
0 888
-1 887
0 886
8 885
0 884
-4 883
0 882
-10 881
0 880
-7 879
0 878
8 877
0 876
-4 875
0 874
6 873
0 872
-5 871
0 870
-8 869
0 868
0 867
0 866
-4 865
0 864
-9 863
0 862
1 861
0 860
-6 859
0 858
3 857
0 856
7 855
0 854
7 853
0 852
3 851
0 850
-5 849
0 848
-2 847
0 846
3 845
0 844
-8 843
0 842
-7 841
0 840
6 839
0 838
9 837
0 836
7 835
0 834
10 833
0 832
-5 831
0 830
-10 829
0 828
6 827
0 826
-4 825
0 824
-5 823
0 822
4 821
0 820
5 819
0 818
-9 817
0 816
1 815
0 814
-4 813
0 812
-10 811
0 810
-1 809
0 808
-10 807
0 806
-8 805
0 804
-6 803
0 802
8 801
0 800
4 799
0 798
7 797
0 796
-6 795
0 794
-2 793
0 792
2 791
0 790
6 789
0 788
2 787
0 786
2 785
0 784
0 783
0 782
7 781
0 780
-5 779
0 778
5 777
0 776
-2 775
0 774
10 773
0 772
-3 771
0 770
-3 769
0 768
9 767
0 766
3 765
0 764
-9 763
0 762
8 761
0 760
9 759
0 758
-10 757
0 756
7 755
0 754
-10 753
0 752
-6 751
0 750
-4 749
0 748
10 747
0 746
6 745
0 744
-10 743
0 742
-4 741
0 740
-10 739
0 738
10 737
0 736
-10 735
0 734
10 733
0 732
2 731
0 730
1 729
0 728
-3 727
0 726
9 725
0 724
-1 723
0 722
6 721
0 720
-9 719
0 718
-6 717
0 716
1 715
0 714
-3 713
0 712
5 711
0 710
6 709
0 708
-3 707
0 706
4 705
0 704
4 703
0 702
5 701
0 700
1 699
0 698
-9 697
0 696
5 695
0 694
-5 693
0 692
-7 691
0 690
8 689
0 688
6 687
0 686
-9 685
0 684
-6 683
0 682
6 681
0 680
10 679
0 678
6 677
0 676
-10 675
0 674
3 673
0 672
-6 671
0 670
1 669
0 668
4 667
0 666
8 665
0 664
-2 663
0 662
-10 661
0 660
8 659
0 658
3 657
0 656
-2 655
0 654
3 653
0 652
5 651
0 650
-4 649
0 648
-4 647
0 646
-7 645
0 644
-2 643
0 642
-4 641
0 640
-5 639
0 638
0 637
0 636
-10 635
0 634
0 633
0 632
5 631
0 630
5 629
0 628
5 627
0 626
-10 625
0 624
5 623
0 622
-6 621
0 620
0 619
0 618
5 617
0 616
8 615
0 614
-5 613
0 612
-8 611
0 610
-2 609
0 608
8 607
0 606
-4 605
0 604
-2 603
0 602
9 601
0 600
7 599
0 598
-7 597
0 596
0 595
0 594
6 593
0 592
6 591
0 590
-7 589
0 588
-2 587
0 586
-7 585
0 584
-1 583
0 582
6 581
0 580
-3 579
0 578
-9 577
0 576
0 575
0 574
6 573
0 572
3 571
0 570
-10 569
0 568
5 567
0 566
1 565
0 564
1 563
0 562
2 561
0 560
-9 559
0 558
4 557
0 556
-9 555
0 554
-4 553
0 552
-6 551
0 550
7 549
0 548
2 547
0 546
7 545
0 544
9 543
0 542
-4 541
0 540
-2 539
0 538
-1 537
0 536
-8 535
0 534
4 533
0 532
9 531
0 530
-10 529
0 528
-10 527
0 526
-3 525
0 524
-5 523
0 522
3 521
0 520
3 519
0 518
-5 517
0 516
10 515
0 514
0 513
0 512
3 511
0 510
0 509
0 508
6 507
0 506
-2 505
0 504
1 503
0 502
8 501
0 500
8 499
0 498
-5 497
0 496
1 495
0 494
-3 493
0 492
1 491
0 490
9 489
0 488
10 487
0 486
4 485
0 484
4 483
0 482
-3 481
0 480
2 479
0 478
3 477
0 476
1 475
0 474
-10 473
0 472
-9 471
0 470
1 469
0 468
10 467
0 466
9 465
0 464
3 463
0 462
-9 461
0 460
-1 459
0 458
-1 457
0 456
-6 455
0 454
-3 453
0 452
1 451
0 450
-5 449
0 448
0 447
0 446
1 445
0 444
6 443
0 442
-10 441
0 440
5 439
0 438
10 437
0 436
-7 435
0 434
10 433
0 432
-1 431
0 430
8 429
0 428
-8 427
0 426
6 425
0 424
-7 423
0 422
8 421
0 420
3 419
0 418
-8 417
0 416
4 415
0 414
-3 413
0 412
-4 411
0 410
1 409
0 408
3 407
0 406
-2 405
0 404
10 403
0 402
8 401
0 400
-3 399
0 398
-3 397
0 396
3 395
0 394
-3 393
0 392
5 391
0 390
-7 389
0 388
6 387
0 386
6 385
0 384
-6 383
0 382
1 381
0 380
5 379
0 378
1 377
0 376
0 375
0 374
-3 373
0 372
-5 371
0 370
2 369
0 368
-5 367
0 366
-6 365
0 364
-8 363
0 362
-5 361
0 360
0 359
0 358
1 357
0 356
8 355
0 354
-7 353
0 352
-7 351
0 350
-8 349
0 348
8 347
0 346
10 345
0 344
6 343
0 342
-1 341
0 340
-4 339
0 338
-9 337
0 336
-2 335
0 334
6 333
0 332
3 331
0 330
-6 329
0 328
3 327
0 326
-4 325
0 324
3 323
0 322
3 321
0 320
10 319
0 318
-2 317
0 316
1 315
0 314
0 313
0 312
1 311
0 310
2 309
0 308
6 307
0 306
-5 305
0 304
-10 303
0 302
10 301
0 300
9 299
0 298
7 297
0 296
0 295
0 294
-6 293
0 292
10 291
0 290
-9 289
0 288
-3 287
0 286
-7 285
0 284
-2 283
0 282
5 281
0 280
-1 279
0 278
8 277
0 276
0 275
0 274
-4 273
0 272
3 271
0 270
-2 269
0 268
3 267
0 266
-6 265
0 264
3 263
0 262
-5 261
0 260
4 259
0 258
-10 257
0 256
-4 255
0 254
-3 253
0 252
8 251
0 250
-8 249
0 248
7 247
0 246
10 245
0 244
1 243
0 242
2 241
0 240
2 239
0 238
8 237
0 236
-1 235
0 234
-7 233
0 232
8 231
0 230
-3 229
0 228
-5 227
0 226
-2 225
0 224
-6 223
0 222
8 221
0 220
3 219
0 218
7 217
0 216
4 215
0 214
-9 213
0 212
2 211
0 210
9 209
0 208
-8 207
0 206
6 205
0 204
-2 203
0 202
-2 201
0 200
-7 199
0 198
-3 197
0 196
-6 195
0 194
-2 193
0 192
-4 191
0 190
3 189
0 188
10 187
0 186
-3 185
0 184
-6 183
0 182
3 181
0 180
5 179
0 178
-2 177
0 176
1 175
0 174
-8 173
0 172
6 171
0 170
6 169
0 168
-4 167
0 166
-8 165
0 164
-10 163
0 162
-2 161
0 160
-1 159
0 158
6 157
0 156
4 155
0 154
8 153
0 152
-9 151
0 150
9 149
0 148
-6 147
0 146
-7 145
0 144
-4 143
0 142
9 141
0 140
-9 139
0 138
1 137
0 136
9 135
0 134
6 133
0 132
-9 131
0 130
0 129
0 128
0 127
0 126
-3 125
0 124
3 123
0 122
-10 121
0 120
-2 119
0 118
2 117
0 116
0 115
0 114
-1 113
0 112
-5 111
0 110
0 109
0 108
2 107
0 106
-3 105
0 104
-10 103
0 102
-3 101
0 100
-2 99
0 98
10 97
0 96
-4 95
0 94
-7 93
0 92
8 91
0 90
7 89
0 88
4 87
0 86
-4 85
0 84
-9 83
0 82
8 81
0 80
-8 79
0 78
0 77
0 76
-3 75
0 74
7 73
0 72
2 71
0 70
-6 69
0 68
-2 67
0 66
10 65
0 64
-3 63
0 62
-4 61
0 60
-6 59
0 58
-6 57
0 56
3 55
0 54
-1 53
0 52
10 51
0 50
4 49
0 48
-7 47
0 46
1 45
0 44
-1 43
0 42
-6 41
0 40
4 39
0 38
10 37
0 36
-5 35
0 34
-7 33
0 32
-6 31
0 30
3 29
0 28
8 27
0 26
5 25
0 24
3 23
0 22
5 21
0 20
-8 19
0 18
10 17
0 16
8 15
0 14
3 13
0 12
-3 11
0 10
3 9
0 8
8 7
0 6
1 5
0 4
10 3
0 2
2 1
