11798
30561
15267
25708
13483
43075
40860
12712
47199
9323
37501
8972
32045
13396
36856
20232
29515
39348
357
43225
19525
43296
2136
48888
37733
8654
40548
16412
16677
32262
13342
33731
47439
40019
38577
45082
15075
48981
47463
41491
21956
7975
28487
19788
12531
3282
48997
29495
378
40908
19994
31931
4922
17026
40106
42208
16162
19593
31233
20303
25964
3749
46163
46426
4815
20894
3148
47558
30443
47164
6316
846
4547
10815
10011
47572
21938
42923
41941
38642
36809
24948
42212
36708
31485
44267
23795
9926
19011
49277
31154
30723
2454
33350
38823
27428
24982
1475
38934
44423
1111
11175
3474
27889
9136
39054
3639
8234
31910
49943
14146
37287
21106
19213
48727
30928
37284
12849
34803
11609
4008
1160
35406
46441
12373
41388
30916
41817
40821
14078
45240
25870
36002
22593
10704
44990
18965
24780
8215
15819
8331
14173
48692
44560
6543
13119
26686
48010
32902
22072
49146
17158
4489
29563
41517
14606
27428
8784
20869
38159
22110
36037
3243
39937
49471
37295
48636
7740
24111
16030
49503
19946
19767
10341
37047
31696
44233
8311
18043
38743
30240
27012
19362
4867
45757
10104
7333
30925
46754
18105
31521
171
12316
27222
5451
9731
40077
47287
38708
40250
20583
25489
33470
17479
4686
5996
16074
39094
34349
34934
24875
14344
13856
8113
40112
44430
20674
7387
48202
3021
17584
17595
1889
40571
9137
6579
6208
35233
37151
25617
29452
34296
2866
17655
6528
7130
16366
43549
2129
28249
11651
5976
23954
29107
42196
17730
21051
37213
17264
35596
46852
12850
6734
19953
36803
26425
9035
35769
45502
23983
23234
31719
28693
24578
9429
7295
1542
1445
22623
17616
14643
36782
29162
8991
47578
26363
12169
7073
19757
40227
31684
44413
24965
29639
21169
26964
26754
40335
34576
3711
11493
47342
47939
38826
33351
15093
3745
27586
29441
2081
13776
13422
22427
13755
14798
41385
38019
13469
4709
33908
18096
27726
27404
13250
35210
3022
36553
25732
12509
20896
27091
47959
28245
49647
47850
40789
23437
43758
13576
10079
31493
41489
31128
1642
36643
33780
22407
36999
26643
28040
46889
35008
16356
40602
24905
11240
41448
2239
14055
9695
28466
17719
35132
47864
22813
45320
21381
38847
40706
33115
44999
26070
44609
16112
39770
47941
18036
15261
23057
700
48109
39865
34350
6615
17433
29988
39384
6552
11798
19778
45656
28256
31196
49652
30789
49345
25279
42666
11098
8160
32109
42439
6859
16138
11558
46842
44567
11483
30975
22868
35371
15767
25374
44530
40771
16382
12523
9948
33061
34723
17199
8530
46717
45069
6781
12825
40737
39285
44870
12503
18958
10554
14198
6141
9656
26343
39367
28386
26001
32076
33870
35189
951
32846
19192
44595
30167
4302
36490
13184
14971
987
23133
24056
1469
30270
27734
12356
2215
26682
21910
25219
43722
14587
4924
4840
41237
442
26004
41054
26334
25776
46616
10193
1828
13413
18900
46157
45215
8139
32868
39642
1643
245
16186
27798
39726
6017
11949
17488
3715
35405
27059
9041
34807
33865
43753
38396
8086
36768
48322
19045
29698
26059
9309
1133
27041
5687
14369
43774
35315
13890
40545
13921
12463
707
15705
43785
21020
18835
44751
5981
20026
8072
49768
31559
1997
48809
8745
21541
31951
42025
48137
13687
18812
12910
21990
17522
22650
22298
3713
46921
36024
34331
33311
37443
38590
12961
28444
34446
23148
31805
31485
44808
13056
22254
11735
13493
11233
31506
12006
22731
26102
27422
16653
21181
27867
38622
3394
37598
35419
21910
27935
37334
9634
6520
25072
20074
24925
42061
6906
14768
996
34097
5168
48351
14600
24868
34993
16485
3370
27124
7275
11774
25141
27650
47710
34012
17834
21829
19265
16852
16732
9778
30230
4993
4278
41030
13979
32525
26741
20840
41539
24648
39218
23784
28078
49042
32934
7743
24132
20072
37578
13467
21650
5136
15655
43704
15316
7751
14046
10572
20605
39470
11383
4198
46372
11906
952
43060
45736
22880
37387
45462
11071
13464
35256
34691
37566
1793
17747
14691
49525
37809
40423
27300
19198
40156
32868
46407
46331
7706
427
25160
47099
19031
38668
17336
5520
15425
34600
3937
17210
43429
40115
46367
12013
42086
23409
23047
41693
8020
32094
35485
27930
45541
29225
12817
9404
49701
46420
15166
38416
33084
24959
14930
24424
21999
25231
34043
37366
39590
12884
21639
28040
2277
5352
38401
44150
11786
25588
34019
34540
43596
42489
38822
11862
46321
2490
33821
20388
41290
39434
41553
7337
4966
3421
34476
18161
17982
14750
40462
21162
9414
5483
49516
1324
46359
38306
46615
35664
42670
32993
40590
23720
44281
13255
19015
22812
33903
47210
37364
7758
35546
49234
2088
34646
26445
3242
33460
45374
36111
42719
16213
24436
34258
5006
18205
14661
43197
44028
16323
34083
16135
14648
29070
9606
31390
4068
14349
6998
2483
24612
35515
36844
12560
30883
39904
42040
41219
48464
16756
10818
2723
8473
203
3085
42501
47454
30449
45198
18382
26453
24897
33146
25623
35491
33211
11597
45360
43190
24197
21519
47654
5167
35561
12124
2430
31880
44905
41216
49165
40499
39553
46745
27730
43445
11991
21820
7498
9694
8086
36742
1092
49988
20288
14650
14848
41182
18900
46079
36414
39867
19299
38608
22999
32152
11482
18799
39532
40172
43757
49383
9723
3461
6541
31105
8210
18879
28673
34411
24698
26451
40478
49685
36757
11008
2816
11939
194
47995
30499
32366
13042
39876
24614
19168
36179
39885
30586
35748
44645
28364
48860
23372
46802
23306
46932
18095
9703
22185
5314
5686
46629
17338
41390
22839
37132
16290
19375
16223
2647
35193
29336
29832
20956
36193
30518
7188
4786
30926
6229
27482
30664
10818
10248
32057
14721
45188
48200
26711
13848
23623
11876
33672
12145
1988
48804
26575
36573
18333
5492
44996
28346
40330
10418
37131
36603
26814
41896
23900
19147
34298
32546
35255
13031
160
26283
30575
4723
19028
39482
48376
40532
9873
28981
22087
8263
16286
49958
28658
35682
41983
47047
49433
4027
27700
43117
5079
44760
15472
25995
36691
47347
31984
33672
2224
21265
31278
14600
27461
26616
24089
23
36187
20350
2360
908
46479
4935
26600
2419
3745
26462
34038
9376
28684
31409
18940
5796
45882
10456
19384
23395
40548
15735
1812
47963
35971
2641
29365
25364
34665
3871
7608
14401
19888
46085
34926
38890
12390
32481
47409
26170
23828
8706
13216
3325
30281
23112
28276
21259
41508
49863
33295
17873
27323
44365
25030
6274
36726
36453
949
45264
37887
3397
38099
9304
16372
9641
24487
37576
21315
35431
15992
17774
15916
44931
34858
34454
5989
1605
23981
38687
41037
47900
28233
41651
16707
34845
22869
38464
49501
40597
3061
40383
49053
4555
47285
41000
25355
27221
31880
44221
7967
34820
341
28973
31608
20735
28555
9415
23130
27767
14644
14811
18596
33892
7160
28947
42599
42662
5854
22375
40822
18753
12760
48930
37726
44465
45027
44739
4860
18523
282
31610
5730
49775
48614
27195
46469
40646
24813
12178
7770
36445
8486
12906
4207
45046
26076
45236
13223
35200
42012
22791
32999
49210
3797
1646
3774
12311
2619
4370
40899
22356
26788
15003
49208
12386
2324
7113
29801
47975
36576
16073
29423
49681
21218
43840
507
6937
27433
924
21826
17397
33046
31361
20692
48556
7725
27846
34835
46874
39030
12598
18688
26449
6628
35597
18178
3322
31237
41563
27525
40208
5614
42122
28207
12125
16395
41333
9261
33579
42385
40323
33614
29003
30272
12713
13923
42423
40514
48440
2354
7281
16496
36246
18004
34597
5947
34071
9373
20438
44305
15231
16851
8908
11451
1589
42457
46871
47531
33476
21467
34124
8352
4511
14100
23162
12045
32482
7758
34895
11866
23506
47888
26850
46787
21700
47773
2614
23005
28015
34965
39489
30335
22871
20090
37126
3924
35312
26151
2176
9497
5662
43812
22613
39941
17469
33637
12137
20614
42338
10076
39594
34209
34695
49364
37322
2932
11998
32908
11440
9417
10991
11548
18731
3622
10022
31800
42548
38844
40857
9750
4679
26987
10328
16523
41439
3069
23544
35595
25749
4088
5884
34535
13139
7719
14988
46776
42567
8262
5757
5325
38379
9524
13495
3149
15015
45211
38175
44234
18084
25856
888
19592
20099
44646
1832
28071
31491
5087
29145
17948
36081
3443
10388
25432
25015
18562
25
9320
32898
46132
24833
3156
26394
35781
8636
35991
35193
27829
2231
29151
23110
46187
46598
46346
15524
7706
2365
37340
47196
7871
25197
20683
1415
18386
44425
37164
3150
24952
45587
4692
46441
19369
16439
28733
6236
4816
30747
46070
29097
25094
47839
4036
25313
27339
27061
44898
38337
15208
45198
14771
41494
26382
34908
33458
18670
29177
17360
1962
22622
45514
38776
31792
5324
21036
34940
17662
30322
6094
3549
42010
47908
15178
39868
48635
44854
33989
36307
36195
15413
31571
46676
18404
2233
28911
33790
47045
21204
3802
47084
15024
40292
19923
27894
44905
48520
6805
9165
24788
1769
21391
47833
12488
25190
9643
13007
3415
35151
15515
43058
12993
14813
49181
13837
49419
14865
17047
2318
49158
23859
29281
8386
31354
198
25654
47087
15077
33639
5980
1880
31133
41048
28296
4518
30987
33451
39752
49270
9811
29395
20857
34109
5743
18516
31139
29246
23669
35357
19851
23918
17458
11515
23908
8346
2244
3246
40636
7839
36352
7123
542
2667
23406
19081
36028
7081
5974
42276
16756
4093
35456
42381
28010
49475
12768
26719
49885
43726
30246
21468
42351
17721
21266
1254
14805
10046
31078
12462
43347
17569
22539
6436
4525
35532
15224
15646
47732
14568
36206
42841
8997
47133
46220
1889
43144
8762
49609
10372
9100
30931
43887
40171
36955
29891
13138
40632
28536
33676
21734
17553
2166
42815
23042
1681
48496
3063
23250
48571
6886
21446
23652
5406
43439
8202
33442
47518
20969
15367
9492
18915
35545
31002
34811
2047
963
21963
18035
4940
20752
21742
49112
6346
3819
21232
32474
25782
6596
1538
33399
17324
7142
31071
42037
38517
29575
8297
33762
24785
48261
4110
12025
44469
22227
46635
21319
39289
19589
16920
8529
39229
46290
31390
49312
15682
83
34933
8685
2121
43126
48585
4527
33561
49477
39948
37727
3827
16836
946
33878
21246
13053
15789
49478
9994
15194
49081
26217
7586
36886
23678
41082
49568
18596
31391
24260
25266
30949
46892
37446
39268
9601
49587
31646
840
8224
9488
47509
11073
39164
2737
40327
11139
46294
42132
40393
19708
25487
48017
44722
24797
47967
3850
43032
19885
43824
28192
8790
30270
25977
25546
31041
36795
39027
7934
29853
25515
18917
19551
25845
15496
32736
27886
21524
31597
40022
31566
5844
3988
22425
31345
40510
28625
26092
17785
926
12743
3530
25450
27183
4447
28130
9331
16528
30409
18068
7066
47362
47066
21171
6729
34693
20715
49826
47431
46123
15073
22287
4952
10638
31019
22120
13442
12363
24699
43066
45203
49784
987
25853
3168
37660
29988
44265
33517
7276
34001
29305
21204
18219
39689
40028
23835
27174
715
1087
17328
20785
13479
35615
16727
9558
29661
38820
32947
16809
43067
5044
8552
24680
28394
7969
28836
38593
16646
48748
33593
37863
45394
10127
42648
17695
38021
44186
7643
45896
5201
5941
37471
1608
9507
21591
22496
25511
41915
2137
13981
21511
19079
43192
11306
1364
12509
21835
24779
46158
12126
34992
44848
40848
5089
27256
20193
18678
13399
40427
33239
22385
3635
38821
46960
35219
4396
18105
28291
21103
11779
15245
9051
6223
27115
13761
27046
39227
18451
38324
35620
1297
43743
25212
16280
12437
17880
2485
49288
17584
22644
13493
19344
7270
21362
17728
36067
6722
23693
46574
661
4339
14948
10725
47904
2445
35574
18614
38856
34921
47053
45370
7388
13300
22299
19152
18362
43082
17581
19963
6334
38800
41502
8533
9653
19346
32541
43727
41753
21478
8855
21010
48935
36946
34504
44840
583
41428
6451
15461
40888
37810
9167
3726
6164
34289
33763
42711
15834
4759
31355
17911
15399
45272
9123
15812
43463
20903
3817
40709
28523
27245
48150
32674
31624
40969
803
41123
43008
11239
29754
1899
802
21735
41022
37955
38714
4260
34158
30460
23402
933
20738
23739
9950
21556
29641
13098
20934
18927
39619
5135
44709
45968
13232
26538
15812
38206
10394
25942
42483
42132
41412
45929
5300
14263
11016
33283
23175
42036
37424
16900
25794
6203
478
31558
36682
42511
14690
39098
9744
10793
36527
43323
3675
12382
46775
21623
6564
18135
34640
26613
13794
19750
27224
33868
10286
17441
10051
13270
9160
34880
15390
40790
43915
12380
4901
18149
16970
48200
23366
1174
15688
7742
5593
39937
47472
35967
29256
45564
28720
32906
31955
3954
43500
43041
21441
46784
24135
26865
11268
26828
35130
10510
25834
30018
48964
24015
3249
922
43421
14149
39089
6572
45280
8084
13995
6242
46459
22477
6590
42817
13061
430
22970
41716
48604
13526
12474
44346
3929
17325
23787
15908
94
26819
39021
7850
31195
32435
23962
18757
36719
11296
44680
19413
15505
26205
19427
38268
49423
39273
42838
6578
46490
28453
901
28018
35820
8883
28158
35563
38322
12022
45136
30356
26266
43145
17646
21306
23534
18730
28299
6355
45220
34181
17171
26513
42190
20001
45537
17994
7201
17826
31596
12023
5128
27804
33142
47633
4855
38395
40100
43201
3950
22245
671
25005
43725
18184
2005
41208
19070
47038
2304
11994
27688
33422
10506
9120
19027
30296
25628
12126
38079
23351
1586
46702
654
27696
23075
7644
4929
26117
25604
11453
21553
32200
20487
18152
19422
14455
40236
24358
21713
22209
48611
41269
41984
47756
10179
24090
8469
35191
31833
4650
36672
36285
23133
23459
15136
27584
32729
12216
45630
37178
24532
44904
26654
3379
23456
2184
3384
21320
9879
32356
38962
21161
46554
6013
1070
24495
26596
33623
40549
41218
38851
48892
800
42767
10476
2634
18183
42969
17678
47165
39596
19252
1718
9974
16220
44876
12702
27529
12153
43040
45168
11275
31508
42508
8376
8943
1648
43769
9870
22497
44140
41312
19486
38891
17366
7630
23492
12991
30599
12009
21831
41570
42972
4120
39722
40218
27726
29082
21529
24771
10543
38487
31530
1226
3434
2205
42851
20265
38488
48368
4778
38285
37964
41562
10955
4979
25806
10995
30051
42684
15886
32897
36876
48514
10961
7950
5331
34659
43971
7949
40005
44208
42069
33396
21924
6433
14597
12621
5772
47336
2478
39540
26335
44772
8558
27651
14496
19413
15689
30497
1712
12411
22730
6709
3090
27786
27884
37206
1550
36245
46602
24785
39853
36488
27447
43700
43745
7832
28935
980
17495
29607
43073
4249
48671
38843
12804
32279
742
14387
36081
40164
17069
14321
37472
19113
20078
34016
35246
15990
37927
26831
30694
3782
46680
22289
39905
21554
39949
49475
5201
5985
30659
20778
880
31726
9615
41313
27501
40163
44997
38298
3781
38146
6638
3422
5315
13829
18274
12456
39785
43788
25114
18565
12056
8098
47341
38280
8041
40823
44966
15697
10054
21680
15134
44082
8919
42513
2010
20464
25943
11015
10460
39255
33576
44842
37721
7963
17046
29135
1344
31993
42928
18637
19504
42285
8646
1308
21046
4610
14832
24783
19899
24320
23898
42256
27035
10439
36334
1441
17344
33334
35351
26238
10972
45519
9692
35151
21830
37476
48709
22537
15703
2952
12072
24748
25282
2750
16159
16900
26767
6350
22220
41770
9649
9137
12336
21983
46288
43120
5835
6777
42668
9696
42056
13357
30433
25020
43206
35103
7300
35599
37021
37125
38831
14688
41287
45397
17880
42871
18269
32007
16822
12219
49880
17663
3944
20023
9313
12771
22622
38743
32281
32067
31230
20822
41452
14660
26569
28844
7256
36013
48863
13961
28078
43629
48246
5541
25836
4974
33509
22706
925
35813
38579
25317
35012
29022
517
31159
26981
5441
36548
45593
11596
36858
10267
47917
12813
29242
10751
33347
45326
16709
21722
15772
25182
13057
36543
16851
9910
41712
31290
26741
14439
13358
2835
32208
99
2308
23603
23425
45178
35547
22898
32899
8458
46850
31538
351
44180
19355
31262
47123
19668
43542
44923
3896
16607
47672
48421
43329
17986
27009
16989
23720
48281
42219
8895
38895
31238
7249
31867
25516
23939
20773
10000
8353
32834
23048
7701
25143
10560
27262
29952
37504
11339
14539
44168
10753
19094
7326
19579
2064
33406
43161
44046
19024
21115
13181
25801
17511
44056
26011
4723
11438
24134
12334
41635
32207
32362
48219
45261
34632
34788
8343
5684
21791
19014
2339
780
47028
27416
18581
21158
37574
43819
47143
10033
19333
18143
14673
655
45101
49963
48320
46958
47176
18938
33975
48798
19477
34019
38423
49492
48289
25152
17688
21973
41324
18607
19335
42436
44814
24015
49246
6190
25738
18742
25371
37053
27255
895
35954
17356
46797
39061
34719
5725
12088
5811
12945
3323
43157
17037
26650
41426
33479
6014
24805
39146
856
31878
13750
28743
11058
41918
3010
35912
7226
36667
36789
39809
778
18941
34333
15541
36362
22428
25935
20481
2167
12286
32482
9943
47092
1311
32758
43224
38359
26939
42843
39400
25402
8434
47125
7393
38565
1477
12194
37883
35689
15232
40981
46487
30440
42879
40488
8990
38435
7341
26251
39057
14432
41158
21811
10707
36940
24663
44868
18788
1488
1466
28021
31461
41225
3935
22605
382
5361
42872
31782
45152
44972
17537
25792
22594
31178
47843
32488
3525
27309
13050
27048
24273
38089
1176
47979
6348
32032
38651
38540
17778
25934
5613
19831
38856
34827
12022
40325
30654
43455
33841
2264
38042
7560
4531
48764
47367
25667
24908
14321
26765
31996
39778
23568
36304
40772
33245
23841
37176
40635
35012
36663
20860
28635
7105
46095
6401
25252
37220
33939
941
10994
19017
709
13503
27941
41624
9853
37461
44473
33258
4614
32742
34748
45060
4446
21856
12063
35522
3530
25212
28435
34045
35166
13207
10169
252
30581
6455
32698
38603
30913
45383
33701
45482
46940
44489
12097
9237
40283
13378
32748
26129
36851
39969
43729
28966
13929
48822
33590
27234
5033
24597
44739
3098
15944
1304
12398
6464
23010
11222
48691
20813
38010
17670
17523
49020
5991
26945
3878
12038
12569
38384
2390
8005
27001
42818
28058
3140
13888
7098
37184
33119
9368
34916
21702
25853
40468
21560
45891
23898
32206
19361
37645
33700
25032
1852
23343
5168
41723
21825
40501
27129
42551
27783
37391
10690
49613
30462
8915
29955
31008
40442
47844
42656
3996
47524
14234
24881
6995
10807
16159
23834
6093
47106
40372
20265
35593
35963
18589
10668
40725
37611
6799
8977
20101
21358
3457
34597
256
42945
8743
35928
19246
10006
10711
6373
45035
36385
48096
29227
2627
46095
49513
39114
15635
7160
32581
22171
7993
30043
12841
14519
13920
43592
30215
12372
23654
36019
3497
8419
43433
16567
29827
30383
38832
36806
36807
49378
31950
22999
29774
37149
40342
5756
32208
2059
2523
2735
15283
3370
34823
7574
38510
22208
37420
48809
14153
999
29669
23401
37021
42589
21938
40544
47877
46844
34236
37070
17671
32792
22667
4194
30420
6120
40463
44264
19503
25713
47111
20379
48190
49900
1599
14865
25691
16075
1895
34132
40780
15963
35076
4449
6639
25186
35596
1109
32561
31590
21490
15456
12118
6010
6061
675
40388
36715
46167
6937
35263
47905
17171
23922
40028
39079
36478
18761
9815
41354
9488
46983
28311
266
4381
15007
8029
37248
6366
25639
5080
23323
19207
45399
3279
8017
34482
25351
2952
47463
39736
24608
13482
26195
46735
10934
3527
13584
47276
45497
40567
40873
37953
2126
28254
4837
36958
39844
38633
41862
49074
17183
25737
45779
43500
41037
47768
11821
9701
38453
7717
33406
45763
10630
44453
3486
28373
46887
2789
14744
40172
49907
18353
2165
33667
31675
181
28222
4716
3753
12823
49806
9806
4595
18178
49583
25905
25559
11559
7383
25967
11852
32702
10337
23395
34865
6147
6788
22101
43680
16376
20269
1693
47545
23360
46751
16173
5950
43276
16433
23580
40823
42829
49305
42022
37262
43040
7275
13387
28502
20127
2569
10701
34375
15372
49340
35877
10204
30382
5973
25403
27862
6799
8704
22855
12952
23635
14381
47633
48736
32422
44518
1729
6608
7109
14134
36740
17900
35074
22556
33576
45718
13376
47979
12928
22427
13825
48638
41833
15870
8374
25342
7309
27879
41394
39640
14769
9957
31711
47702
6886
29811
11240
46375
48700
29825
7020
28804
41579
47366
9259
5935
37763
16764
35483
41844
44530
46425
45857
49588
11736
30751
21787
4582
4344
4404
13951
17857
15183
21651
15906
18228
44408
40831
22108
12834
46317
22398
35290
45543
22232
39271
11771
23905
8943
39687
7990
30476
44568
39333
45040
18847
46001
14704
19742
48092
12979
24712
23724
13740
24279
41810
38598
46412
31884
13037
7
9077
42155
21376
6889
26989
34181
10817
37560
4009
14891
18455
5978
14029
31505
44809
31596
8967
39622
13925
30265
2027
1293
17472
43428
27954
6374
14683
18578
33037
43316
41416
4080
7373
12928
23226
410
33722
42944
38043
25055
30950
3340
18006
20273
14377
23152
43067
13252
8807
15761
37720
47610
12283
26634
26017
10853
42768
35667
33314
35034
148
35585
11098
12102
31116
3059
5998
44357
40353
40862
4781
39118
39052
23690
39427
31463
37618
20482
24273
40769
39715
17241
48154
1533
10276
46616
11057
17023
44461
30943
37022
7361
49513
45589
45004
19700
33783
24824
4758
5508
14366
28822
3210
45322
3099
28618
20176
27437
17420
12912
4676
35094
8278
24574
6080
29963
17863
12821
14749
32323
35017
5439
5211
24866
5666
24662
36887
46282
48522
38859
41907
19726
22182
49527
28024
40771
17468
19968
37967
43699
32815
8734
38323
23139
31410
42156
42914
35729
27275
43479
32978
41345
16088
32706
24234
37359
23397
13419
28345
20586
30040
21584
49916
14904
23556
44447
47126
23255
32778
24564
31349
23881
11220
12908
30046
10477
19267
5714
17620
18006
7459
10710
46118
41071
16731
28828
44316
405
3534
33074
7033
37533
4388
41309
8277
8157
29262
46679
7481
26987
4064
46832
30500
45369
49924
2558
25943
8656
14971
49811
46426
18796
43422
28716
7220
39198
34906
44467
40833
15682
49470
28948
7008
16884
812
43133
18582
44511
26603
6759
40339
7555
10701
42221
45159
19236
28499
12636
8861
22905
5168
40438
29897
7887
39710
38808
35633
15017
25047
43108
623
7049
17757
28047
15430
22116
42370
34825
33866
26555
2727
26673
27066
35644
42683
7798
1746
44336
29468
49298
35527
39425
45861
9065
46311
28958
29329
22480
6577
24670
14254
48824
7315
34039
22567
22472
28619
27872
31698
29694
49453
27978
9557
21954
20137
26166
6956
3806
6881
36071
30536
9188
12609
13516
45263
6617
7319
42595
18567
48153
30108
12427
1486
10455
13434
21792
41601
26973
15520
34241
20302
45741
44273
25090
27211
17575
16204
30954
25680
41513
43607
36344
20642
15670
3696
7215
4335
44362
14837
5722
13973
31221
14765
41110
20096
38804
3406
32977
21070
4294
11558
45203
553
37729
39637
11409
35318
14624
21102
49862
16078
11046
46735
5804
43661
39856
47979
19849
34716
7831
10017
41263
30530
7576
11468
25156
30072
3105
33567
45877
30346
5161
35098
20730
36932
46530
1623
10672
8596
9617
17274
14651
34137
29214
33778
35194
44547
36677
15460
18589
16921
26263
40703
22390
36724
46595
5302
48480
24495
26411
22754
20483
44143
38906
20506
38196
37616
45116
47148
48360
8772
15347
29535
25228
41843
29035
27912
48440
14057
39160
35354
32856
38216
33320
49410
6538
27324
19991
25786
22561
17785
2856
49962
35803
28573
7584
49783
29332
17370
31022
25677
39681
45144
13416
22548
4810
30797
40131
19088
124
30726
48164
23224
13926
591
25393
21656
662
19858
47805
38299
28183
3239
20692
5736
43646
45729
46331
10814
34084
26033
27066
30901
37360
48754
32700
14028
1148
42613
27452
19767
18700
25982
5960
5506
30359
27402
34745
41701
49538
18110
4261
8412
22642
32076
30625
43045
39205
3568
7257
3167
23117
13047
16235
42775
45835
24988
13352
38731
33603
40085
35642
20303
18916
10548
11350
4914
24557
9095
41824
13823
7994
2945
31871
42374
11801
30359
20482
29033
35475
11091
45319
549
11563
20459
48194
25166
508
21249
14009
38597
32390
12206
32762
9498
26656
43928
33890
18919
15583
41654
9320
25217
4946
23770
33917
18627
49236
39050
48158
23701
20221
33292
23923
13719
17117
29349
48576
49519
2706
18245
38368
26461
9131
3519
40307
23229
40484
40082
31095
41381
26502
6723
33536
25073
37695
25678
49664
34746
13565
26657
2698
35135
243
28921
10620
24984
43414
40749
43322
775
21055
7222
18817
39665
32809
2257
23292
510
19298
20529
14132
46078
6745
49843
32863
14755
32317
40721
22399
44487
28751
9606
44906
19829
44741
45776
41503
17126
31567
36210
7453
45515
47992
24114
18371
4498
45000
3052
27710
3241
9032
39630
40779
3927
43112
9024
48602
32452
48264
1194
6512
41648
7285
27612
1679
14405
37612
32027
14461
26077
7126
2008
38586
46225
29416
36743
21743
19018
22711
35956
47843
25942
48473
14578
43946
23807
8705
44677
16613
2394
22679
9244
738
2220
5121
15968
17341
37602
862
34318
11859
46805
32635
32289
9800
2893
17505
47323
32104
48501
41673
24357
48688
24882
32193
46716
37494
47934
214
36206
514
25221
30371
29742
3527
21678
33656
42521
26533
28750
35543
5668
10144
33180
46351
7692
19045
26222
3550
7205
41677
48472
4964
19503
26009
25816
20041
8096
15140
39205
45504
20720
27444
30021
49686
689
18002
43631
27972
5792
28190
26973
13392
12539
33434
15837
8222
29140
33428
315
31547
41221
32290
36231
12581
34459
31750
13702
34621
13693
34449
16615
29527
37884
41775
49017
49680
42829
10244
5541
22381
44195
9320
24538
37467
37228
23085
24431
43579
5577
22700
10772
38877
45312
38582
35928
16258
38879
20599
43753
34504
37767
36461
38678
47260
30347
28419
25943
3065
7528
20929
32637
13158
40875
24746
44153
17775
33770
8933
21718
7135
4611
41302
42160
14879
1998
19333
23172
34279
14855
743
29551
40545
25476
1699
844
20895
18057
20467
20802
2732
1265
7148
22189
14158
35700
40804
24220
5141
39377
46784
28550
27332
48231
1367
19128
25387
13702
27605
40067
34278
36772
3698
40973
16277
46798
10451
40648
631
48764
11948
297
30964
48315
2043
35804
40954
364
17402
13840
5140
24455
260
3662
42058
47578
22835
21511
17974
33210
45395
35831
39052
26694
36784
8346
13403
49825
32705
1197
5879
49131
26756
27981
14221
4212
33290
40945
46365
35191
42356
629
10247
18455
2045
3137
14270
27252
12782
10079
44998
16519
15891
25377
3149
8804
245
2011
36557
37366
48898
13929
38610
46507
25629
35409
43268
35844
16931
49318
21389
28373
43778
12557
26090
37272
11398
8712
18396
22545
49108
36898
20371
18504
35866
32509
17517
39375
7617
10843
26057
29511
21005
9776
45310
3113
6671
12938
36481
19479
20720
28303
22870
15150
10473
15844
35349
43471
45138
14935
6252
21920
44457
23429
11855
28310
40221
25630
45576
30585
30499
22250
43875
32217
46386
40875
20482
32366
13996
11178
7342
32754
27228
9114
10620
21470
32947
23959
9413
38286
8380
34190
8559
35579
5698
9824
5340
47071
46420
16255
28745
3
259
46215
20698
13553
21369
40208
6413
15553
37730
17371
35292
36118
10164
11723
14582
25732
20001
35443
30285
40798
19683
48328
31308
34039
29922
28532
20940
21401
23071
35641
7278
7152
44391
2868
47039
21731
15092
41219
44780
45343
9612
43174
8296
25166
6832
16935
18670
23768
11594
3124
49516
76
16082
19257
41919
9290
18679
29376
11667
25943
10764
44674
22104
33839
19652
20079
183
9432
7685
44437
40752
45633
36198
11468
28839
31755
40971
24319
16138
22539
44358
8833
47619
3408
22607
38968
12964
28231
18662
44186
7551
6903
14619
39735
4093
39786
9085
28874
24728
39604
4940
24966
41687
17017
43578
45700
8858
11295
26546
39782
40193
10917
21099
48885
44695
25781
29101
26404
3000
14748
12646
22709
12538
17050
41478
48481
45089
35216
9258
43643
37936
25265
6653
981
36284
5798
36989
12688
36339
33213
462
48862
3659
34888
40343
27077
24027
9858
30146
43883
14847
14666
32028
30808
25632
27743
7471
6153
47225
43859
15420
2110
8804
12675
16903
26709
38438
16463
25857
7221
3393
18146
11400
40443
48897
47643
8472
31831
24705
46788
39201
35998
49456
33498
25473
10549
38308
23671
31529
33609
5296
46845
48471
34576
411
48585
46357
8110
47521
9210
28731
10437
2257
16181
48431
1862
36884
45097
21657
16711
1247
42079
46260
20680
946
40382
35725
8856
26981
5690
26026
11622
19603
5494
34118
46288
34654
14833
30720
47888
38737
32956
22844
18526
46133
39165
31731
28640
38835
38640
5001
35647
48842
13774
35517
11289
27418
1887
6523
17144
21185
44675
34643
27106
12718
46388
23212
14892
30217
37544
25488
13856
14051
44409
9968
21462
44529
33484
48124
6188
33743
124
22772
16310
1535
37798
49248
47173
10212
20451
921
19414
35138
45324
43158
35056
22676
9339
6609
22664
45488
2317
35038
9958
3938
34751
39343
14983
109
23307
12466
7451
10707
46833
45004
17775
25487
45915
26826
44768
405
5847
2490
38406
18647
37107
43748
9962
12681
11350
48429
32346
14525
4324
12890
28413
21776
24567
27372
25268
10537
32076
41147
39024
12780
35738
36169
32846
22251
12715
46288
40639
45203
4329
4711
19205
10097
45510
12431
20129
2088
26594
369
36487
24204
34440
20899
43218
192
14294
22206
8068
42642
17513
25410
42698
10764
5596
46241
6627
11776
35
29623
14898
31284
20501
48157
11132
33687
6705
27676
42813
40560
30400
9727
17421
29385
2259
7615
29211
39779
49480
44767
24433
27966
12888
39146
654
38204
19132
45569
15663
42771
39260
21202
31379
21590
42435
38867
11872
26981
5022
49277
20708
23814
33811
45951
31029
43551
36885
4681
15986
6549
10063
22114
5575
36221
6565
24690
4114
33850
6212
38950
16490
36087
43430
12145
12086
15435
46343
9906
21261
17582
44312
33547
2517
47928
686
13577
29852
48562
2774
14821
34791
15131
37298
6228
11438
34776
7688
410
35859
9336
6076
9473
3043
40146
13539
34284
46261
41047
8309
39892
3895
5676
35420
32248
19622
28624
17661
12126
37313
8955
3385
40719
46019
13487
22112
14674
19740
13151
19101
12531
3142
1047
41940
13473
31013
11573
42185
37187
41585
5837
46696
44580
36862
14121
16013
20815
23733
8750
2456
11681
18769
44256
34324
22152
43084
638
9273
32094
35227
43760
48345
16703
8137
44700
49580
27828
32350
40285
46691
10189
34623
35273
10438
21609
19670
33711
6043
10432
15476
48879
45497
47470
7202
31847
31543
28958
26840
30310
48524
28063
40996
47906
42423
37172
38381
46663
36608
1524
1621
32306
43306
30346
16939
23161
5618
13650
4668
41407
3411
14222
14848
43144
8578
1894
15867
7889
34263
37398
32270
49691
32461
1120
9157
46280
14442
7560
8531
27727
37247
41750
22243
24361
21269
49753
28170
45107
44216
14479
39633
43647
11417
20404
9462
21205
34599
41703
34187
5628
32364
21344
13117
47238
4197
28976
36288
29223
28479
37359
31349
18966
48913
4985
24830
6013
1950
9342
6634
35898
23586
2230
26666
3285
3716
2248
16109
35035
18688
28874
26766
35467
26786
34528
47638
23041
41644
38129
13677
8591
21312
19834
32021
11766
39836
6330
28437
30003
1365
28780
45474
16024
2714
11851
12088
2957
34537
46283
521
40187
11287
31902
17573
32651
45572
6762
43735
37269
3572
28611
2912
40181
45098
35053
26520
8657
36442
10578
24067
29568
37061
21347
19420
36662
16665
30958
40433
32557
19801
24076
23657
46395
32033
12337
31078
19505
7625
49019
38861
17034
34949
18629
41640
30517
31134
8913
33028
37008
18711
4585
46939
35663
20357
25335
47597
35126
1525
21563
47167
13447
43815
34498
42116
27653
44892
35875
35640
35880
13109
6098
34611
31497
4471
38055
23253
46512
4761
7407
30900
24395
49831
34703
37152
45582
25773
45693
46421
30239
10464
15593
16315
44715
6972
22873
16845
7025
15679
7065
30904
36251
8739
11367
28470
21442
19702
12817
3710
49383
5767
24263
23612
29328
47648
6906
2323
36183
8294
32661
18528
36650
16871
38264
33306
1461
1295
7331
2229
299
15631
44947
5818
26563
33432
30081
1529
45104
48570
46638
22712
8482
3058
34741
31147
28517
24171
32326
35020
13521
43176
36424
8823
26800
9644
30845
41188
35241
25031
22869
42875
34198
49757
48276
7998
4449
18901
5438
42455
18271
18991
24947
26290
42809
15797
39371
38766
20306
13796
840
4510
38231
25003
8653
14471
45656
15304
5887
36184
33618
49482
30669
40882
41821
24503
5570
4026
675
43135
49902
25854
20201
9925
41631
27479
21494
39102
19551
26532
7937
37103
24435
21849
45266
18187
1944
14103
23290
24732
10131
7718
12327
17351
48978
44286
38259
48254
40857
11577
18753
10830
5133
17673
18409
37988
38455
1305
26541
1824
39608
14943
35727
41011
49984
10157
40094
35817
13420
38301
49807
35571
20417
33118
2884
19012
28253
30083
46088
35770
24131
2366
3063
19766
44524
49177
3339
12316
35724
1527
11573
44647
18975
5019
47169
5268
29140
37098
34961
22663
25200
23486
17141
24154
38068
37800
37936
27920
44002
15648
29206
360
40789
27279
9080
2448
38496
40292
17605
22978
22389
19283
27788
14402
42525
5983
47760
38532
38348
31
19256
24477
20752
14438
4624
13240
14448
19484
10709
26099
23986
16097
24723
2360
13755
15758
31071
791
39840
25249
199
40471
24427
27073
68
40915
35412
46001
17730
22251
15109
27120
42527
23345
1189
23378
7800
40872
8315
38254
14240
15585
27345
24249
37728
33008
5479
25390
10895
43891
2379
21640
46575
16644
17656
36576
20160
11879
39000
5384
28253
30046
21283
46645
45543
21722
13007
46305
19916
22519
13548
40682
18496
4442
47356
40705
2899
17060
10602
34044
11639
4039
22790
25024
5626
4193
14229
37321
31953
11803
7281
3896
23561
18996
3749
3971
31677
22246
16131
45021
3137
16857
491
40341
43949
24570
32530
14137
40167
10611
24806
47682
19122
20603
13449
17968
29843
3481
40758
44502
26768
22382
14225
23712
8579
29547
28334
38175
32774
13878
30763
22433
15165
9111
9567
24170
18309
7418
12170
23722
26940
13868
22244
46880
44947
2946
2195
26279
5482
25954
37083
33196
3286
20931
26190
7796
8932
16865
40553
3751
32355
23196
38288
29632
5322
41471
31214
5216
10651
47940
2379
23916
34610
21111
47250
12012
21595
37749
34973
26849
43478
14100
15623
8271
45656
13019
46854
49431
7779
31449
44587
3854
13324
19952
25245
21419
31095
1253
4845
15057
47745
34305
43761
20109
3561
33197
31919
45353
20481
6371
11232
18100
928
46375
4290
421
11462
38458
493
21808
17933
36889
27115
11369
9367
12899
36173
44741
38849
17406
30856
30336
33928
6677
6324
34831
28865
21689
16810
9569
15624
27935
34348
21391
5310
27114
42735
31047
42188
36074
29225
18922
8879
21851
43523
23612
26581
27885
39438
16127
34883
3619
20001
37013
3612
39665
29035
18159
32625
16485
42298
27461
26866
13567
16053
44193
38986
26210
49279
18320
40526
46569
16961
47157
42709
35160
12130
49636
7516
14127
17584
24806
7384
43095
32302
24950
16151
34494
27044
13290
2221
12285
19083
10673
12999
19353
8609
24148
45624
26600
3431
48428
669
41635
42904
18211
9573
28261
20891
8203
8924
27979
34118
7264
22979
39078
10462
30577
39944
15382
14552
15700
49654
20004
39163
49087
27949
21256
36007
6215
45933
23395
35097
6243
10486
21078
40229
8516
15142
30032
38684
37005
17587
16868
44073
18338
1570
29191
40402
21079
17578
23894
15721
5851
20433
829
17350
43565
29328
49398
18755
5673
40352
35048
41935
37704
30801
7547
35595
34370
42963
5147
37655
6250
41263
34633
16261
37558
22488
33296
42459
46707
40705
1486
17912
36062
24763
20514
20958
28885
5999
8660
45391
22929
6694
1159
19808
4782
16526
47540
29089
28054
35606
4584
25432
26398
4712
27705
29866
46230
25272
35265
24608
24104
49282
4278
40893
25222
34992
46229
690
31649
6071
26972
4027
14422
26106
45089
48947
22577
39840
20795
35468
37702
33704
2599
29448
15471
9558
24451
37268
2044
39281
33193
15809
45656
22324
38707
26378
19854
15056
26111
37551
49529
19414
28363
36215
41191
27502
9356
28268
34790
47365
46519
32147
25639
3146
20335
9132
12951
6495
3202
9757
27879
48810
34848
26372
26822
31945
33427
36365
22016
12514
11362
5268
28779
29783
39336
1824
41269
40416
736
12433
6468
45192
27666
8796
28047
23602
17298
7666
34360
22777
2790
24364
13267
14408
45231
26377
6403
4213
42805
1434
35755
16156
27486
39312
2387
14291
22685
9291
37746
31736
17353
39395
38308
23044
32198
34063
21555
18912
37944
11597
5461
19013
33987
1243
40328
15789
6047
22814
20301
40001
31036
1927
26137
12721
42485
30785
30240
29494
36572
45096
6645
27234
239
1125
48699
6960
19372
27855
45219
17881
19996
15089
34493
2314
30187
40524
19599
31166
43436
11421
42621
17826
31536
5759
24748
19130
7472
22595
44964
45080
43483
42800
20159
48710
43787
10528
34743
15977
17713
32317
35941
35695
8536
8183
22016
15583
37329
28115
15496
27816
43233
48018
24124
42537
43821
33598
19628
16704
33390
21104
23493
31276
35757
44943
43202
19028
36371
12105
37417
46446
4004
35811
8028
17561
29637
38232
43606
23975
38322
7019
3027
21873
11237
45050
37039
45683
25320
44538
29131
33477
32333
48036
15220
48490
4856
4200
24086
368
24959
19042
27801
29255
27077
23311
17574
4478
4462
40006
18953
25093
30743
36046
6608
47857
3584
22347
28782
21007
8058
15078
7906
15200
7302
17597
42421
5045
25760
36815
27816
42015
24161
14156
3643
18600
2600
47133
1411
904
36155
31395
34118
46001
13794
21898
21193
21969
13882
8770
42452
22312
39638
33814
45121
23760
21767
29271
41489
38022
16703
11590
35749
10428
7198
15893
6025
5127
9245
24162
18513
30730
14083
33129
38654
45990
40643
10142
45704
27653
41607
22888
20306
17487
34061
47981
37633
28032
19805
711
48256
21489
7057
45764
40379
32739
34877
3389
48433
38553
36035
22847
23475
29520
31913
37239
14052
12230
41243
48122
9677
24399
1035
33836
10533
9935
8700
8065
40527
20535
25130
37335
17007
28271
30846
14363
44939
23511
27640
23218
16140
8274
2475
40515
17053
45253
1199
47038
43205
29585
23160
33846
38678
36222
22604
48234
41662
41431
9388
23906
29727
1437
43484
21766
11243
7347
26723
11989
35536
35159
47860
10209
24552
34409
46442
35574
28583
35114
37200
2658
7638
6652
36380
26232
22949
33438
28853
24185
12073
42560
35557
47124
35062
15217
45031
22841
16486
18495
30477
2340
26087
24466
27226
13782
24020
42103
12585
6204
14962
48813
22111
47513
27102
34021
18159
33895
8491
39261
43445
18350
39696
49043
39994
4828
30133
22491
43627
14653
5893
41111
41013
36696
34190
21319
44789
44616
43000
29045
38128
47963
37289
3605
23301
12046
2668
26599
29922
35219
13403
48369
16676
8607
46955
4424
347
27683
45384
5081
30411
9558
34920
25637
11943
6765
36012
34669
20182
37826
31614
24861
23057
10424
33810
29477
7139
19908
24222
32924
28794
32337
17721
21109
20498
2698
37044
25733
33279
2454
40275
36612
12578
34484
47205
45918
24204
28499
20564
13218
38877
40684
10288
46501
16435
13611
32
26271
21797
19802
2551
23900
16359
30538
35930
14078
41341
6898
18991
18963
39344
31419
36042
32264
676
45288
35947
42879
44853
24192
27303
19453
27178
13543
3566
27954
49382
35670
35223
29145
15789
1382
19715
41749
11590
25124
41304
35193
25407
47863
7084
43827
31365
39677
38389
40838
49434
11648
12621
13799
15645
26857
26980
35690
31209
12221
39191
18819
33917
23770
45870
22868
23025
8329
20198
1013
23815
47318
47289
16914
9015
9944
23497
3232
7334
5836
18379
34286
19025
45011
37510
15531
13959
42262
24095
46050
39078
19850
10153
38528
16215
18853
7243
29671
18232
5202
13215
38691
11194
28940
25462
23164
48777
28783
40218
17559
48342
14655
42385
42626
38608
15868
38073
29473
42664
35302
46457
31407
35739
2768
4763
47799
40848
15683
20229
19777
24564
40494
12633
10478
49723
15286
42390
36197
41249
7540
13185
41287
46800
46029
35125
31305
30534
15256
44967
36381
31544
47646
12770
14698
13309
19672
21741
31041
35594
11130
48078
22923
49021
30578
2906
37998
11428
845
48668
43052
11513
36660
30551
49835
49674
41523
15383
36910
36276
25158
18768
21969
10742
22656
18036
16014
40146
15492
16116
45350
20120
37012
42105
46232
309
37803
31594
41741
24950
26611
41325
31337
22124
22272
12186
46565
47310
26611
33144
28311
100
22357
33955
7579
19220
25379
30646
47092
6203
452
34330
17623
33101
3282
44637
49793
2653
26919
15366
49769
46367
21492
4078
24795
17154
2732
438
10180
42487
7771
48841
7765
3956
33084
21712
46480
11555
992
6742
48824
20907
12561
6769
14291
32203
22395
29378
46161
15590
15661
49266
40426
24557
14093
48432
31162
24902
4741
20155
37418
18753
13008
12100
2634
10741
7109
24797
43822
4591
13
14640
43572
39303
48667
21402
38530
5657
16691
5825
42876
2001
21917
49263
45318
43362
7258
22532
23912
31735
8391
15473
44654
22778
10434
3898
765
924
25630
44763
7232
35325
45569
12720
21409
6098
22888
7621
21040
48955
17846
28494
38983
19891
46779
44642
21244
26890
25708
11746
48263
34259
15316
49511
11332
45948
34949
12207
8308
18570
35769
46757
16068
34548
26267
7919
34683
3033
13253
26721
29451
17181
6031
9936
30420
1735
46417
16381
10767
42869
25226
13633
14231
24088
39905
7826
22668
17739
32870
32251
26246
4521
22167
45831
8276
28669
21184
26945
5514
16590
9642
42127
4019
42371
14030
43431
18936
47425
4172
17062
42038
12147
38196
45227
9038
35544
12680
48272
42208
28072
37222
23632
21142
14507
4891
36308
8808
24121
39809
47435
19421
1958
7272
11560
22115
26122
25530
22778
14746
31219
39298
17147
30378
41274
28816
39784
37889
28506
31054
4519
34794
6854
28401
13761
21157
20195
1006
49964
31551
6406
47374
47399
13665
49503
20917
43607
30962
5528
48110
17068
46548
15155
39427
25628
19619
28934
27667
36155
44693
43127
20564
2098
49988
26642
10180
40810
19223
22621
19042
31938
10130
40051
15770
38336
46305
22247
37896
45033
3758
49942
49540
4890
22674
13404
21870
48347
40269
31571
47886
40993
43256
40356
46329
26239
39597
38402
48378
25076
41363
19752
12039
36296
8342
45485
1745
14158
39488
48517
49416
18872
22082
12082
45792
13911
43727
45995
14959
46941
9381
8778
12825
32686
39516
29236
44977
14577
39135
24105
25894
35373
1230
19130
6706
45046
21203
43232
35570
6695
14491
37854
40669
4093
39890
15114
16205
47708
2046
28046
3011
4531
35624
21728
15452
43067
4682
38084
3494
11691
20761
23870
17484
37039
49219
47517
39242
24328
11076
47145
440
42357
20641
2372
1263
20432
38964
42910
20336
19863
20989
4733
31331
13555
3767
4035
10204
43640
30986
20818
31185
14499
25566
16435
9782
1746
34148
152
40070
37718
9673
15739
18736
34166
4861
42852
48651
6314
15531
10009
5140
20089
15328
1453
11149
16736
15505
25319
29349
3745
30228
30022
6657
31128
49004
32100
43665
15583
37887
43606
14595
33706
26260
37912
23701
27704
9725
33733
24976
49150
48123
32638
29961
45930
21593
43054
42396
28195
11372
10322
22554
43525
1087
3139
5928
26591
48791
13002
8449
42476
24975
36493
12058
42151
5103
1476
48901
7796
14489
2118
32551
22412
20455
23270
37613
39638
21806
26692
48515
14870
4498
42410
7467
34568
17115
36438
3191
16658
15763
12036
28941
40239
29662
7185
6097
8038
34399
23282
29127
21928
36282
28880
25921
33743
5075
33577
12236
43609
16352
12829
7596
10032
43357
37647
22829
17935
14002
13475
4886
11019
28440
26482
21404
29888
3945
37456
46583
48066
19926
24487
41973
19245
34501
35637
26408
27187
24596
21055
13175
16458
3073
32099
25018
13649
32646
13801
43375
41549
37758
24838
32085
28410
27675
22284
16942
27639
20431
18957
49439
4231
45464
34739
40313
23531
15622
2330
45321
33019
35538
25820
45861
19881
18380
49953
37947
3525
36277
35625
37406
18526
9428
45560
4051
33484
3818
6505
24395
41028
37576
20066
28846
45823
21348
32989
27149
21832
19759
22354
31150
28700
37892
35872
26733
40410
48531
34151
5444
41389
13758
26990
12995
43492
49675
16200
4029
10491
10142
40258
47083
3643
21194
44224
4737
48065
9967
49229
21980
9884
14829
21020
14486
5778
3884
21080
25956
35096
41219
40817
47761
46638
28612
18244
16130
38143
7729
40900
38755
44493
22615
31761
46217
48456
32049
38986
11698
45336
37152
38519
12919
11889
14677
7807
49799
7827
40908
29709
46634
12248
43570
10801
14349
7939
26479
23932
11126
28742
3350
40351
7329
11397
34774
33764
2546
25949
11748
39908
23137
42357
18593
22356
21570
18760
37139
30343
6407
27023
15155
48868
49663
6319
48588
4785
16621
44614
7635
5818
22139
18544
48612
3677
45147
9994
49964
26545
18260
24430
21842
29101
42259
28829
7790
19015
29217
41006
22386
19564
1104
42692
2899
18916
4789
25846
30518
49790
48962
31654
48395
49336
26650
34838
11545
25235
6057
32323
41962
32073
29374
30993
33313
29044
34280
20832
6152
35335
11651
49815
20830
28818
19879
46723
45432
1338
31015
9500
9869
839
46196
42485
19909
38753
2557
23416
35104
30012
1682
15885
16875
2715
23298
12411
26862
2084
24920
22123
2347
36708
38755
42872
31140
45899
9774
12361
35602
46046
18815
13050
12252
15238
41788
18966
4792
35903
48889
12790
46614
24327
3606
903
12941
33738
20951
16776
49530
28003
34509
25275
36778
12906
6115
7382
4873
41206
25238
6501
9136
46066
11498
30603
32429
9387
1577
39264
33893
18793
33561
48790
34353
7799
11413
13234
15381
1008
32981
36864
3018
8820
29266
14888
11920
29612
23424
26412
47393
8017
27477
42454
48409
32662
36420
45188
6198
8330
42487
14057
49993
9960
41743
1728
39731
32715
25696
11865
2076
27693
16137
43928
25089
4676
37399
39581
12561
5612
3275
40396
15108
6465
1149
5339
27626
47363
2612
35425
16441
7109
16218
15252
35598
23604
48472
42408
23699
45051
44612
21647
49031
34405
34710
48386
2703
17535
2423
7336
31467
41482
16155
2342
4437
6949
31945
28020
20061
49860
27003
25755
48263
30359
20036
31379
15971
18034
27586
19875
30020
25171
28299
47671
40890
14515
48985
17986
35077
19295
27247
20702
21964
33921
37189
22875
43915
6773
27807
40277
12948
389
21953
763
10948
43762
38337
18223
13553
23941
13525
48322
27987
5044
17359
44153
11063
26963
1808
33365
5952
25213
45839
47779
281
9370
27952
21691
48399
15813
2045
8664
12833
23511
34438
26941
34924
41779
14098
28464
30007
7146
38058
21287
3109
44646
49660
13181
25454
33810
32960
34878
26496
598
37706
4684
14839
28577
24045
12102
41948
1358
13764
16139
40209
30376
14530
37886
35277
38658
6302
3722
43657
18283
15176
45837
10462
21530
45415
11190
10865
40050
4730
41132
39437
370
16430
31205
42623
43372
34030
27091
4643
24670
12152
30927
27286
36478
24564
31931
47139
2695
40613
14651
29144
14682
45363
39343
15688
1664
3347
36843
9779
38930
35552
10715
22381
41317
49452
26241
14746
15353
22740
28478
8965
12253
32857
16234
25448
40902
28146
30757
21982
40808
40361
30989
9955
49049
44474
1415
22282
37090
3054
15050
39759
15365
28207
3183
41050
32
24418
23648
42462
44201
14618
16824
40373
30765
6689
6063
43606
21194
46369
2667
21703
3035
4090
27745
2461
7705
32200
17074
4522
49942
47133
443
36257
5556
19306
7448
21697
46728
30276
26192
47193
43851
32936
43587
47471
29107
36385
7499
21879
12422
14228
19348
18576
39741
13118
7212
5685
35740
8813
17705
2910
48075
28374
16200
11743
47559
46968
12895
15833
48870
36016
49346
35310
34649
20439
10034
29877
32428
3943
17045
15762
42726
29179
47448
29259
33943
7148
32505
37540
11294
14610
38078
4296
46534
24424
25178
49304
23144
18117
23003
43158
28810
48945
48513
30872
47770
5109
8361
17050
47462
22273
30918
19107
13088
9836
8249
35227
46685
17170
11972
1556
43093
46524
13105
41981
11281
34895
13266
42463
119
33493
5568
21603
9350
33626
31202
1105
5136
11136
6938
4364
29030
47520
5434
11748
30869
3568
5989
622
2835
34658
34581
32334
26959
32848
1299
15216
25441
20603
10804
21350
10804
25601
18708
8192
30392
33995
29970
40982
23227
18755
45143
6258
18087
28183
49387
21216
9016
23119
41056
13671
3101
12926
42378
24488
2003
4651
6061
14578
47538
6228
19328
38020
33414
15608
18510
42093
31754
22994
1750
4054
21983
7928
42427
43192
2983
30657
39590
16218
6737
15907
37233
14195
15014
35157
8155
5856
13192
6424
14970
33726
16541
36519
48604
12127
13248
5455
16083
38459
6728
11387
20913
20516
6135
45205
37461
30476
47655
17836
5779
10459
19399
22207
24139
42336
27482
17590
26943
21558
7011
27051
23867
10168
33201
49202
19140
21655
48623
34534
49278
41142
12402
31527
8513
9648
35038
18025
36514
24937
42966
14813
42291
14545
2273
42221
45410
41599
33430
35305
10690
1495
15300
31996
35311
11529
126
12074
9620
24782
41165
46485
44519
4161
25399
23682
16730
17520
48520
1836
45824
40969
4800
17472
30646
43862
13981
24355
26488
17946
7696
35617
43225
20201
8160
36437
26259
18822
26728
5202
20323
7887
39728
47922
11305
42845
27050
7662
11178
2381
14103
24575
16660
42745
45138
16069
9501
21351
29929
44764
28093
42723
23775
21714
35842
30861
17960
37581
1644
26134
23459
6863
35565
20123
46094
34022
36370
46021
954
26388
36253
42585
3108
31466
26871
48259
12766
505
33794
7039
426
47521
21400
48836
15726
49838
1153
27363
23852
18680
49249
5842
21197
42247
20605
42322
37177
8997
5547
25650
28732
33766
40096
24526
42744
24444
10426
25689
31605
13438
33831
35071
22581
12183
3493
48824
16061
20940
23734
41063
19368
3815
1704
27072
29221
554
3954
43780
32363
8771
47661
17287
32760
38409
28355
2046
32312
47684
47212
22879
6510
9157
34735
19897
38590
7857
39498
28655
41532
11013
26303
12309
7488
35138
5028
43438
47876
25908
14076
5052
5635
3793
45896
7494
33359
4269
40232
7031
4737
1864
14986
7832
23687
41740
8566
8828
19363
20219
550
42164
26634
27223
24249
43768
40720
6106
15696
47372
14694
6709
1542
9611
19152
16209
20190
26117
41177
45344
25023
4232
20736
3141
28800
19469
4224
26282
14147
6906
3456
32855
19945
45200
13224
41941
28932
37875
45425
44993
32396
18822
26011
6341
6875
45535
38250
41261
2018
8836
3498
39793
32388
23842
47678
7769
19574
22207
17854
10915
38628
48602
38214
36383
27832
14740
14888
5038
11858
31884
12419
8522
16256
8794
32765
9114
10464
3868
46401
46821
7345
30998
22192
24782
40561
35190
24007
23439
19130
9085
32534
25221
22872
46810
20288
16054
12727
46776
734
24521
17692
29671
7629
4383
6904
32425
44780
43982
41768
31189
21971
3582
40778
38229
48039
28088
15234
31288
48980
36751
5720
24952
3540
29969
30350
22565
41144
46007
15328
1084
15719
27725
13083
31983
16371
37944
5700
35161
32622
18180
34492
43633
15319
47540
39008
32470
2010
24829
27991
24323
26706
36905
36166
29272
6630
17603
48540
39068
3884
19818
22065
31518
6817
8738
1539
13046
45620
15663
43636
17608
27810
39286
15731
26477
34944
42481
5269
41853
7080
40247
3937
2300
788
36416
22000
37149
2940
48711
17875
14109
24584
22286
45355
5848
32213
29464
30979
2713
33886
1263
24020
35886
12389
15556
40365
41881
19985
22917
3027
16991
1387
10669
8154
28842
27632
45754
19377
4414
24169
264
27317
758
37045
2159
20620
3825
22445
25189
28271
30630
33921
40232
14767
23264
29945
17709
21608
3894
42991
32396
9361
16556
42847
17664
9860
49437
21376
6405
41377
49992
43307
35906
11383
5182
30672
41496
3274
11902
18906
36389
20682
33020
1968
19676
25894
37035
33280
21920
1061
28169
17186
33156
42493
5287
46528
24520
38736
9585
31278
17693
48042
16279
36756
46360
46961
7677
21810
40918
43642
26606
48009
16828
13186
49155
18584
30498
20238
18932
28308
4504
39780
15127
34843
43934
30108
1063
15194
9308
26375
20401
23811
20542
37895
29824
42952
19899
27671
4956
30235
43954
18008
5605
48299
41159
42020
17583
11002
1033
6427
15199
30097
15938
7200
45457
20289
40891
41322
22486
3995
34711
23722
23408
864
17562
8075
7092
36666
20960
4632
39015
49050
12595
20587
38626
18538
48954
4098
19216
42674
5069
37850
20935
32671
33129
23642
30205
38513
27459
41589
20141
624
24588
43941
39574
376
3495
29906
11809
19697
29801
49508
4828
39156
28984
18783
15322
9880
40105
31103
33771
28981
25493
3508
5722
4495
38960
26720
15800
38972
29229
32376
27804
43123
41198
40543
31976
1519
20903
47597
44475
23413
42121
4749
3912
40563
29292
46021
47210
35556
29107
28496
23985
9495
16022
11491
19436
49955
28050
16305
33508
4766
40008
37293
20746
16255
36765
43353
6813
47938
23925
41980
30340
6826
15405
42099
31484
39298
17030
13887
44975
21996
24914
14449
25189
32026
49038
11134
23498
13126
40830
4304
20943
31989
16281
16463
24342
48083
5983
46413
44302
10892
43412
3376
30653
22021
47878
13748
5858
44566
1956
10025
24510
20565
28209
36357
27118
8750
8867
10861
22869
47511
606
32570
29682
42671
4923
35780
30954
23681
33608
36447
1235
48613
21598
33797
7280
44104
30326
30057
44840
2327
48047
5317
2710
41429
21917
40708
4784
3403
33867
28026
18678
4913
7426
42608
35114
47482
10427
34130
8263
9338
33864
27813
41960
4506
26977
37927
25818
16281
16233
20285
8846
17534
36333
28797
32485
2675
49992
44152
35411
28978
16464
42896
28140
31740
45348
48953
36487
19731
4017
4677
1735
47078
18171
33856
2939
40781
43789
34797
20270
22521
45907
40244
6481
16345
137
38408
11217
17175
45558
18557
20154
7000
40563
15143
45430
26128
14915
15856
33132
24376
23917
14
26939
5205
23067
17349
15115
32891
36272
2593
20127
12762
25516
34746
11304
25390
8320
31112
33789
21612
19430
967
44682
7970
49572
41386
5166
19339
23750
9279
37752
28251
4510
39789
7599
11892
8779
42974
49131
20118
14206
47568
103
16758
30711
45474
6081
47109
40850
42961
25459
18786
30802
20785
12033
27432
30863
1013
24275
25162
39102
12609
9091
23797
37369
36534
15998
19043
49127
49998
38240
26123
28381
35417
43986
44530
49765
23031
16379
17747
12531
1671
28520
25919
10181
47411
8194
149
44564
17826
30308
17480
20273
6924
16293
17899
13664
31206
11876
39485
48683
2280
15324
36164
46613
6017
14374
24472
28025
48148
4987
3544
11581
30097
23744
2990
36205
27931
22934
31214
44786
3664
14946
36416
28380
16754
22399
40299
29727
9638
25355
32803
7784
17497
13106
7690
33930
35898
15810
12861
44998
11447
22828
5348
24931
48996
3744
14747
48277
19330
21167
35408
30830
39415
21173
39596
21057
47486
28122
26805
4277
26587
30722
26243
6720
28818
35204
10865
46213
34162
42543
3483
27932
35842
26488
14644
5326
7951
15802
19065
18332
35961
29292
39704
33061
36501
2585
32059
2026
39785
4308
1362
28800
25428
7096
44175
30358
5880
18981
2625
7540
11483
38395
40423
12557
34889
18630
682
46124
31963
37410
39018
555
19356
46993
38077
36366
30307
7070
11860
26286
15752
34197
26050
7162
3916
7335
13662
6167
39608
19157
12248
46697
10147
28676
38668
16991
48127
5450
35197
32264
162
16409
18238
5430
45322
10469
41177
35927
15333
47689
45831
4239
38055
17739
28140
30812
38390
46382
17649
6898
24510
22834
4436
48559
16859
31335
24187
46743
41808
41574
21343
40647
32517
47977
25650
31635
14555
6329
14927
19473
25458
6922
32669
48677
44299
5576
10632
36080
33251
29741
38141
11810
25812
13428
29506
44042
43476
23692
29446
30212
12091
9134
49627
5724
45303
40141
28430
13453
40624
4322
27709
46325
12512
23426
8724
20881
37931
33344
1908
4253
13417
31233
22294
26023
4182
30892
29134
36137
34340
38446
42634
22847
21741
43900
15333
46235
6109
12770
20860
29587
45523
39922
5325
33109
1708
2212
16948
29473
30938
15387
48563
31779
43864
8115
22520
22680
18973
8786
7416
30168
22283
44558
16411
13649
33715
31863
9062
43157
13762
34663
8379
11330
19564
1333
3325
29916
30297
41508
2298
11277
24469
36311
14891
4180
44207
15482
49530
30644
21935
4291
8265
45211
43893
32588
37772
19778
37356
19278
36192
5321
27857
21232
29759
38747
49330
22875
39806
49435
35013
48958
10148
46816
23530
46787
30335
29991
49747
24628
6746
23583
46167
5720
24560
13497
24143
1978
30927
21289
39071
4205
18335
37605
14271
40324
618
34309
9516
17720
10576
46944
9056
35696
27585
8006
39810
24139
39509
2878
17387
16651
32755
47058
29831
44
30377
28658
39901
4004
43876
7719
18845
18597
4869
31048
3452
8412
21965
4057
20764
19808
4839
13598
37898
31370
13978
12111
43305
13258
17332
34501
38921
19664
29181
24191
20188
38450
6379
4708
14871
22157
31121
29756
36861
49833
24050
49959
39119
12243
9617
24678
49400
36772
12239
31584
20584
48754
42699
29860
38069
9886
44151
33920
27606
11430
42978
12619
30963
35701
9167
14486
7469
16047
31830
44385
12819
36403
2454
32540
24662
22278
4693
10067
26658
25305
38613
3997
12759
35424
49542
34140
25426
24955
7940
35981
17384
3767
2934
9414
17751
21845
37107
34576
47674
43243
23396
45227
12179
28235
24876
27502
18339
7341
18579
35986
6754
3500
23450
4068
16750
49638
46636
42608
35227
41626
41144
38692
30111
12350
11306
3465
23828
14084
49407
17523
41720
14119
36081
47968
23398
28388
7518
41326
44283
42203
31255
42437
20214
16752
40759
9328
18531
28885
3968
24605
15810
3220
3596
31251
11730
39389
39110
44733
10299
39505
98
33121
2138
19198
41447
30026
33505
669
37662
17745
35169
25834
18973
16260
26004
33251
33159
37270
22434
41258
49520
9930
40778
37641
6397
6568
24745
17192
33249
48996
5093
41863
14634
40613
20238
33971
41322
25692
31873
30651
36816
44869
36548
37037
21063
46901
36876
3410
7578
2420
9786
10481
35786
41414
21715
46005
32679
21471
44777
49903
44638
10893
12698
1947
18849
23541
46181
44872
37906
20887
42089
23728
38680
18331
26111
32408
22625
48938
22294
31501
24057
16837
11293
46565
44823
17325
13992
46366
10034
26179
30823
30429
4858
33242
34511
598
33869
11707
41549
2417
8268
6413
25972
3987
4736
36213
9140
10529
42221
37180
23037
26653
41759
29302
4963
45534
21803
21176
35214
28517
19788
8010
20479
23583
40246
47384
9133
44672
35728
9353
41675
10130
1340
9030
49014
49120
38987
36522
6892
16112
35007
44043
6637
30791
30916
42139
16755
32798
14557
2518
18068
13184
13874
15966
25047
44241
34141
43140
34431
19466
48825
29472
24094
29015
33929
19306
12276
17358
29651
21542
40301
23114
15674
24580
1539
9518
11538
14345
30021
49415
42905
36278
1403
17587
18856
48095
4310
25771
25430
45088
18060
15273
31216
30982
46204
26221
24479
46938
20147
46692
37784
23710
24078
14938
5611
47866
8322
15149
41630
49159
38854
5683
48184
5006
32226
1454
34571
19874
15552
27569
41861
32902
20651
18460
37012
36558
5670
39477
23656
29538
32522
27374
13357
22068
24278
26676
33977
32401
40124
1030
48629
38903
21451
15916
41237
49022
38742
23127
35470
25245
33628
16891
19996
3185
28671
2179
19201
4832
4572
31009
8088
19518
18196
49516
1175
40564
44025
9329
36448
21497
36793
8216
33123
38381
7541
24133
42922
25305
28766
46575
22363
38895
45166
28744
31538
43426
33238
8644
25895
48118
40788
9056
49649
26577
13394
48333
14931
38998
21668
13461
32318
6515
35386
19368
3515
13807
37388
12921
45570
17817
41971
31844
41719
48923
29158
39114
12436
4243
4466
44795
42662
2371
38059
46453
19444
31340
12091
2871
49666
8126
6400
46436
28237
20703
47021
15303
33189
37137
1501
26505
45851
43554
48321
13164
42205
14220
29601
29831
1108
6362
15421
20454
7072
429
1082
26560
34979
29634
48980
42138
36603
20315
19493
7020
29010
1022
19786
21758
17713
46390
4037
39625
7338
26953
32530
6507
3976
20982
36792
2901
5811
6807
38236
21902
47739
27306
11736
36386
22417
2634
9507
20177
3617
37629
13836
31098
48057
20549
48225
44332
12299
2538
3970
16397
27599
35641
45301
8298
3785
7639
26697
37540
20364
40599
33525
38070
17208
4329
40479
17737
41819
40245
25210
42849
1453
11106
49855
47456
25676
25768
10417
23835
30209
4492
37052
8917
1281
14904
27165
46521
6739
6831
41751
36645
23622
48403
34793
49803
12853
13366
27388
46914
18779
12765
24441
10344
39075
12027
19513
49726
21446
24673
21087
49934
12044
9566
21692
10291
7212
7673
46338
32566
14838
25789
13708
27707
47839
3030
9554
6495
44654
31032
30186
15271
43195
7253
39988
8014
37963
21315
22697
4011
47915
42152
32636
38262
42864
43096
36354
28640
30807
600
17281
29409
9571
44493
24797
47920
21200
47180
40917
23859
25385
28875
41025
34163
14123
49204
46267
44783
2229
11756
23799
25578
23747
44522
17785
48695
41589
17112
45500
5329
46340
8653
13171
47229
9260
24101
43546
14497
35372
21240
9749
39331
24808
30511
30682
8248
13157
16699
47942
41533
24585
39136
33059
48547
10081
24049
28212
35067
11734
8496
24355
27508
13897
850
20661
39435
11531
40426
26453
22545
6041
16224
11126
36656
14361
8452
44343
45628
46304
5279
20548
30475
23205
37209
6972
14514
27911
32761
4406
35018
21545
40249
47278
38841
29722
22049
7045
279
28968
49684
9476
3163
1564
22242
6796
11011
44728
29679
5596
34114
32247
13549
48724
30151
26691
33299
35679
44412
7755
28043
45066
5324
21599
49084
33465
30199
38697
7663
26870
42224
40555
41022
41610
16861
21945
23770
32760
27342
20769
560
5160
11533
17026
47087
23914
16109
35511
9609
31898
39761
1076
28557
42489
38669
40298
24237
35880
18222
39736
21567
17628
11308
34091
7500
48831
39103
42277
22807
9111
19491
20663
13638
48718
37665
24918
31866
48273
4052
34207
44756
48877
7802
15444
47509
12284
38059
44881
43503
30231
19280
19934
10764
6862
22478
25788
48435
25136
46272
24365
37652
46695
34733
42593
49285
15350
19715
40233
19566
38813
4908
34903
41117
30616
43102
46184
37882
16974
25496
49754
49359
783
6724
45049
23736
20904
22954
26908
34657
18548
20598
31676
15119
974
16375
2192
32287
38152
6218
37624
25192
44648
35496
11559
16663
46900
20863
27096
39089
4250
18018
19985
32501
34203
31269
14339
37429
45574
39679
15364
12132
44298
41059
1458
427
14323
19877
7902
41695
47820
34631
27450
28513
134
