11798
30561
15267
25708
13483
43075
40860
12712
47199
9323
37501
8972
32045
13396
36856
20232
29515
39348
357
43225
19525
43296
2136
48888
37733
8654
40548
16412
16677
32262
13342
33731
47439
40019
38577
45082
15075
48981
47463
41491
21956
7975
28487
19788
12531
3282
48997
29495
378
40908
19994
31931
4922
17026
40106
42208
16162
19593
31233
20303
25964
3749
46163
46426
4815
20894
3148
47558
30443
47164
6316
846
4547
10815
10011
47572
21938
42923
41941
38642
36809
24948
42212
36708
31485
44267
23795
9926
19011
49277
31154
30723
2454
33350
38823
27428
24982
1475
38934
44423
