11798
30561
15267
25708
13483
43075
40860
12712
47199
9323
37501
8972
32045
13396
36856
20232
29515
39348
357
43225
19525
43296
2136
48888
37733
8654
40548
16412
16677
32262
13342
33731
47439
40019
38577
45082
15075
48981
47463
41491
21956
7975
28487
19788
12531
3282
48997
29495
378
40908
19994
31931
4922
17026
40106
42208
16162
19593
31233
20303
25964
3749
46163
46426
4815
20894
3148
47558
30443
47164
6316
846
4547
10815
10011
47572
21938
42923
41941
38642
36809
24948
42212
36708
31485
44267
23795
9926
19011
49277
31154
30723
2454
33350
38823
27428
24982
1475
38934
44423
1111
11175
3474
27889
9136
39054
3639
8234
31910
49943
14146
37287
21106
19213
48727
30928
37284
12849
34803
11609
4008
1160
35406
46441
12373
41388
30916
41817
40821
14078
45240
25870
36002
22593
10704
44990
18965
24780
8215
15819
8331
14173
48692
44560
6543
13119
26686
48010
32902
22072
49146
17158
4489
29563
41517
14606
27428
8784
20869
38159
22110
36037
3243
39937
49471
37295
48636
7740
24111
16030
49503
19946
19767
10341
37047
31696
44233
8311
18043
38743
30240
27012
19362
4867
45757
10104
7333
30925
46754
18105
31521
171
12316
27222
5451
9731
40077
47287
38708
40250
20583
25489
33470
17479
4686
5996
16074
39094
34349
34934
24875
14344
13856
8113
40112
44430
20674
7387
48202
3021
17584
17595
1889
40571
9137
6579
6208
35233
37151
25617
29452
34296
2866
17655
6528
7130
16366
43549
2129
28249
11651
5976
23954
29107
42196
17730
21051
37213
17264
35596
46852
12850
6734
19953
36803
26425
9035
35769
45502
23983
23234
31719
28693
24578
9429
7295
1542
1445
22623
17616
14643
36782
29162
8991
47578
26363
12169
7073
19757
40227
31684
44413
24965
29639
21169
26964
26754
40335
34576
3711
11493
47342
47939
38826
33351
15093
3745
27586
29441
2081
13776
13422
22427
13755
14798
41385
38019
13469
4709
33908
18096
27726
27404
13250
35210
3022
36553
25732
12509
20896
27091
47959
28245
49647
47850
40789
23437
43758
13576
10079
31493
41489
31128
1642
36643
33780
22407
36999
26643
28040
46889
35008
16356
40602
24905
11240
41448
2239
14055
9695
28466
17719
35132
47864
22813
45320
21381
38847
40706
33115
44999
26070
44609
16112
39770
47941
18036
15261
23057
700
48109
39865
34350
6615
17433
29988
39384
6552
11798
19778
45656
28256
31196
49652
30789
49345
25279
42666
11098
8160
32109
42439
6859
16138
11558
46842
44567
11483
30975
22868
35371
15767
25374
44530
40771
16382
12523
9948
33061
34723
17199
8530
46717
45069
6781
12825
40737
39285
44870
12503
18958
10554
14198
6141
9656
26343
39367
28386
26001
32076
33870
35189
951
32846
19192
44595
30167
4302
36490
13184
14971
987
23133
24056
1469
30270
27734
12356
2215
26682
21910
25219
43722
14587
4924
4840
41237
442
26004
41054
26334
25776
46616
10193
1828
13413
18900
46157
45215
8139
32868
39642
1643
245
16186
27798
39726
6017
11949
17488
3715
35405
27059
9041
34807
33865
43753
38396
8086
36768
48322
19045
29698
26059
9309
1133
27041
5687
14369
43774
35315
13890
40545
13921
12463
707
15705
43785
21020
18835
44751
5981
20026
8072
49768
31559
1997
48809
8745
21541
31951
42025
48137
13687
18812
12910
21990
17522
22650
22298
3713
46921
36024
34331
33311
37443
38590
12961
28444
34446
23148
31805
31485
44808
13056
22254
11735
13493
11233
31506
12006
22731
26102
27422
16653
21181
27867
38622
3394
37598
35419
21910
27935
37334
9634
6520
25072
20074
24925
42061
6906
14768
996
34097
5168
48351
14600
24868
34993
16485
3370
27124
7275
11774
25141
27650
47710
34012
17834
21829
19265
16852
16732
9778
30230
4993
4278
41030
13979
32525
26741
20840
41539
24648
39218
23784
28078
49042
32934
7743
24132
20072
37578
13467
21650
5136
15655
43704
15316
7751
14046
10572
20605
39470
11383
4198
46372
11906
952
43060
45736
22880
37387
45462
11071
13464
35256
34691
37566
1793
17747
14691
49525
37809
40423
27300
19198
40156
32868
46407
46331
7706
427
25160
47099
19031
38668
17336
5520
15425
34600
3937
17210
43429
40115
46367
12013
42086
23409
23047
41693
8020
32094
35485
27930
45541
29225
12817
9404
49701
46420
15166
38416
33084
24959
14930
24424
21999
25231
34043
37366
39590
12884
21639
28040
2277
5352
38401
44150
11786
25588
34019
34540
43596
42489
38822
11862
46321
2490
33821
20388
41290
39434
41553
7337
4966
3421
34476
18161
17982
14750
40462
21162
9414
5483
49516
1324
46359
38306
46615
35664
42670
32993
40590
23720
44281
13255
19015
22812
33903
47210
37364
7758
35546
49234
2088
34646
26445
3242
33460
45374
36111
42719
16213
24436
34258
5006
18205
14661
43197
44028
16323
34083
16135
14648
29070
9606
31390
4068
14349
6998
2483
24612
35515
36844
12560
30883
39904
42040
41219
48464
16756
10818
2723
8473
203
3085
42501
47454
30449
45198
18382
26453
24897
33146
25623
35491
33211
11597
45360
43190
24197
21519
47654
5167
35561
12124
2430
31880
44905
41216
49165
40499
39553
46745
27730
43445
11991
21820
7498
9694
8086
36742
1092
49988
20288
14650
14848
41182
18900
46079
36414
39867
19299
38608
22999
32152
11482
18799
39532
40172
43757
49383
9723
3461
6541
31105
8210
18879
28673
34411
24698
26451
40478
49685
36757
11008
2816
11939
194
47995
30499
32366
13042
39876
24614
19168
36179
39885
30586
35748
44645
28364
48860
23372
46802
23306
46932
18095
9703
22185
5314
5686
46629
17338
41390
22839
37132
16290
19375
16223
2647
35193
29336
29832
20956
36193
30518
7188
4786
30926
6229
27482
30664
10818
10248
32057
14721
45188
48200
26711
13848
23623
11876
33672
12145
1988
48804
26575
36573
18333
5492
44996
28346
40330
10418
37131
36603
26814
41896
23900
19147
34298
32546
35255
13031
160
26283
30575
4723
19028
39482
48376
40532
9873
28981
22087
8263
16286
49958
28658
35682
41983
47047
49433
4027
27700
43117
5079
44760
15472
25995
36691
47347
31984
33672
2224
21265
31278
14600
27461
26616
24089
23
36187
20350
2360
908
46479
4935
26600
2419
3745
26462
34038
9376
28684
31409
18940
5796
45882
10456
19384
23395
40548
15735
1812
47963
35971
2641
